	1	2	3	4	5	6	7
1	0.80	0.80	1.00	1.00	0.70	0.90	1.05
2	0.80	0.80	1.00	1.00	0.70	0.90	1.05
3	0.80	0.80	1.00	1.00	0.70	0.90	1.05
4	0.80	0.80	1.00	1.00	0.70	0.90	1.05
5	0.80	0.80	1.00	1.00	0.70	0.90	1.05
6	0.80	0.80	1.00	1.00	0.70	0.90	1.05
7	0.80	0.80	1.00	1.00	0.70	0.90	1.05
8	0.80	0.80	1.00	1.00	0.70	0.90	1.05
9	0.80	0.80	1.00	1.00	0.70	0.90	1.05
10	0.80	0.80	1.00	1.00	0.70	0.90	1.05
11	0.80	0.80	1.00	1.00	0.70	0.90	1.05
12	0.80	0.80	1.00	1.00	0.70	0.90	1.05
13	0.80	0.80	1.00	1.00	0.70	0.90	1.05
14	0.80	0.80	1.00	1.00	0.70	0.90	1.05
15	0.80	0.80	1.00	1.00	0.70	0.90	1.05
16	0.80	0.80	1.00	1.00	0.70	0.90	1.05
17	0.80	0.80	1.00	1.00	0.70	0.90	1.05
18	0.80	0.80	1.00	1.00	0.70	0.90	1.05
19	0.80	0.80	1.00	1.00	0.70	0.90	1.05
20	0.80	0.80	1.00	1.00	0.70	0.90	1.05
21	0.80	0.80	1.00	1.00	0.70	0.90	1.05
22	0.80	0.80	1.00	1.00	0.70	0.90	1.05
23	0.80	0.80	1.00	1.00	0.70	0.90	1.05
24	0.80	0.80	1.00	1.00	0.70	0.90	1.05
25	0.80	0.80	1.00	1.00	0.70	0.90	1.05
26	0.80	0.80	1.00	1.00	0.70	0.90	1.05
27	0.80	0.80	1.00	1.00	0.70	0.90	1.05
28	0.80	0.80	1.00	1.00	0.70	0.90	1.05
29	0.80	0.80	1.00	1.00	0.70	0.90	1.05
30	0.80	0.80	1.00	1.00	0.70	0.90	1.05
31	0.80	0.80	1.00	1.00	0.70	0.90	1.05
32	0.80	0.80	1.00	1.00	0.70	0.90	1.05
33	0.80	0.80	1.00	1.00	0.70	0.90	1.05
34	0.80	0.80	1.00	1.00	0.70	0.90	1.05
35	0.80	0.80	1.00	1.00	0.70	0.90	1.05
36	0.80	0.80	1.00	1.00	0.70	0.90	1.05
37	0.80	0.80	1.00	1.00	0.70	0.90	1.05
38	0.80	0.80	1.00	1.00	0.70	0.90	1.05
39	0.80	0.80	1.00	1.00	0.70	0.90	1.05
40	0.80	0.80	1.00	1.00	0.70	0.90	1.05
41	0.80	0.80	1.00	1.00	0.70	0.90	1.05
42	0.80	0.80	1.00	1.00	0.70	0.90	1.05
43	0.80	0.80	1.00	1.00	0.70	0.90	1.05
44	0.80	0.80	1.00	1.00	0.70	0.90	1.05
45	0.80	0.80	1.00	1.00	0.70	0.90	1.05
46	0.80	0.80	1.00	1.00	0.70	0.90	1.05
47	0.80	0.80	1.00	1.00	0.70	0.90	1.05
48	0.80	0.80	1.00	1.00	0.70	0.90	1.05
49	0.80	0.80	1.00	1.00	0.70	0.90	1.05
50	0.80	0.80	1.00	1.00	0.70	0.90	1.05
51	0.80	0.80	1.00	1.00	0.70	0.90	1.05
52	0.80	0.80	1.00	1.00	0.70	0.90	1.05
53	0.80	0.80	1.00	1.00	0.70	0.90	1.05
54	0.80	0.80	1.00	1.00	0.70	0.90	1.05
55	0.80	0.80	1.00	1.00	0.70	0.90	1.05
56	0.80	0.80	1.00	1.00	0.70	0.90	1.05
57	0.80	0.80	1.00	1.00	0.70	0.90	1.05
58	0.80	0.80	1.00	1.00	0.70	0.90	1.05
59	0.80	0.80	1.00	1.00	0.70	0.90	1.05
60	0.80	0.80	1.00	1.00	0.70	0.90	1.05
61	0.80	0.80	1.00	1.00	0.70	0.90	1.05
62	0.80	0.80	1.00	1.00	0.70	0.90	1.05
63	0.80	0.80	1.00	1.00	0.70	0.90	1.05
64	0.80	0.80	1.00	1.00	0.70	0.90	1.05
65	0.80	0.80	1.00	1.00	0.70	0.90	1.05
66	0.80	0.80	1.00	1.00	0.70	0.90	1.05
67	0.80	0.80	1.00	1.00	0.70	0.90	1.05
68	0.80	0.80	1.00	1.00	0.70	0.90	1.05
69	0.80	0.80	1.00	1.00	0.70	0.90	1.05
70	0.80	0.80	1.00	1.00	0.70	0.90	1.05
71	0.80	0.80	1.00	1.00	0.70	0.90	1.05
72	0.80	0.80	1.00	1.00	0.70	0.90	1.05
73	0.80	0.80	1.00	1.00	0.70	0.90	1.05
74	0.80	0.80	1.00	1.00	0.70	0.90	1.05
75	0.80	0.80	1.00	1.00	0.70	0.90	1.05
76	0.80	0.80	1.00	1.00	0.70	0.90	1.05
77	0.80	0.80	1.00	1.00	0.70	0.90	1.05
78	0.80	0.80	1.00	1.00	0.70	0.90	1.05
79	0.80	0.80	1.00	1.00	0.70	0.90	1.05
80	0.80	0.80	1.00	1.00	0.70	0.90	1.05
81	0.80	0.80	1.00	1.00	0.70	0.90	1.05
82	0.80	0.80	1.00	1.00	0.70	0.90	1.05
83	0.80	0.80	1.00	1.00	0.70	0.90	1.05
84	0.80	0.80	1.00	1.00	0.70	0.90	1.05
85	0.80	0.80	1.00	1.00	0.70	0.90	1.05
86	0.80	0.80	1.00	1.00	0.70	0.90	1.05
87	0.80	0.80	1.00	1.00	0.70	0.90	1.05
88	0.80	0.80	1.00	1.00	0.70	0.90	1.05
89	0.80	0.80	1.00	1.00	0.70	0.90	1.05
90	0.80	0.80	1.00	1.00	0.70	0.90	1.05
91	0.80	0.80	1.00	1.00	0.70	0.90	1.05
92	0.80	0.80	1.00	1.00	0.70	0.90	1.05
93	0.80	0.80	1.00	1.00	0.70	0.90	1.05
94	0.80	0.80	1.00	1.00	0.70	0.90	1.05
95	0.80	0.80	1.00	1.00	0.70	0.90	1.05
96	0.80	0.80	1.00	1.00	0.70	0.90	1.05
97	0.80	0.80	1.00	1.00	0.70	0.90	1.05
98	0.80	0.80	1.00	1.00	0.70	0.90	1.05
99	0.80	0.80	1.00	1.00	0.70	0.90	1.05
100	0.80	0.80	1.00	1.00	0.70	0.90	1.05
101	0.80	0.80	1.00	1.00	0.70	0.90	1.05
102	0.80	0.80	1.00	1.00	0.70	0.90	1.05
103	0.80	0.80	1.00	1.00	0.70	0.90	1.05
104	0.80	0.80	1.00	1.00	0.70	0.90	1.05
105	0.80	0.80	1.00	1.00	0.70	0.90	1.05
106	0.80	0.80	1.00	1.00	0.70	0.90	1.05
107	0.80	0.80	1.00	1.00	0.70	0.90	1.05
108	0.80	0.80	1.00	1.00	0.70	0.90	1.05
109	0.80	0.80	1.00	1.00	0.70	0.90	1.05
110	0.80	0.80	1.00	1.00	0.70	0.90	1.05
111	0.80	0.80	1.00	1.00	0.70	0.90	1.05
112	0.80	0.80	1.00	1.00	0.70	0.90	1.05
113	0.80	0.80	1.00	1.00	0.70	0.90	1.05
114	0.80	0.80	1.00	1.00	0.70	0.90	1.05
115	0.80	0.80	1.00	1.00	0.70	0.90	1.05
116	0.80	0.80	1.00	1.00	0.70	0.90	1.05
117	0.80	0.80	1.00	1.00	0.70	0.90	1.05
118	0.80	0.80	1.00	1.00	0.70	0.90	1.05
119	0.80	0.80	1.00	1.00	0.70	0.90	1.05
120	0.80	0.80	1.00	1.00	0.70	0.90	1.05
121	0.80	0.80	1.00	1.00	0.70	0.90	1.05
122	0.80	0.80	1.00	1.00	0.70	0.90	1.05
123	0.80	0.80	1.00	1.00	0.70	0.90	1.05
124	0.80	0.80	1.00	1.00	0.70	0.90	1.05
125	0.80	0.80	1.00	1.00	0.70	0.90	1.05
126	0.81	0.81	1.00	1.00	0.71	0.90	1.05
127	0.81	0.81	1.00	1.00	0.72	0.90	1.05
128	0.82	0.82	1.00	1.00	0.73	0.90	1.05
129	0.83	0.83	1.00	1.00	0.74	0.90	1.05
130	0.83	0.83	1.00	1.00	0.75	0.90	1.05
131	0.84	0.84	1.00	1.00	0.76	0.90	1.05
132	0.85	0.85	1.00	1.00	0.77	0.90	1.05
133	0.85	0.85	1.00	1.00	0.78	0.90	1.05
134	0.86	0.86	1.00	1.00	0.79	0.90	1.05
135	0.87	0.87	1.00	1.00	0.80	0.90	1.05
136	0.87	0.87	1.00	1.00	0.81	0.90	1.05
137	0.88	0.88	1.00	1.00	0.82	0.90	1.05
138	0.89	0.89	1.00	1.00	0.83	0.90	1.05
139	0.89	0.89	1.00	1.00	0.84	0.90	1.05
140	0.90	0.90	1.00	1.00	0.85	0.90	1.05
141	0.91	0.91	1.00	1.00	0.86	0.90	1.05
142	0.91	0.91	1.00	1.00	0.87	0.90	1.05
143	0.92	0.92	1.00	1.00	0.88	0.90	1.05
144	0.93	0.93	1.00	1.00	0.89	0.90	1.05
145	0.93	0.93	1.00	1.00	0.90	0.90	1.05
146	0.94	0.94	1.00	1.00	0.91	0.90	1.05
147	0.95	0.95	1.00	1.00	0.92	0.90	1.05
148	0.95	0.95	1.00	1.00	0.93	0.90	1.05
149	0.96	0.96	1.00	1.00	0.94	0.90	1.05
150	0.97	0.97	1.00	1.00	0.95	0.90	1.05
151	0.97	0.97	1.00	1.00	0.96	0.90	1.05
152	0.98	0.98	1.00	1.00	0.97	0.90	1.05
153	0.99	0.99	1.00	1.00	0.98	0.90	1.05
154	0.99	0.99	1.00	1.00	0.99	0.90	1.05
155	1.00	1.00	1.00	1.00	1.00	0.90	1.05
156	1.01	1.01	1.00	1.00	1.01	0.90	1.05
157	1.01	1.01	1.00	1.00	1.02	0.90	1.05
158	1.02	1.02	1.00	1.00	1.03	0.90	1.05
159	1.03	1.03	1.00	1.00	1.04	0.90	1.05
160	1.03	1.03	1.00	1.00	1.05	0.90	1.05
161	1.04	1.04	1.00	1.00	1.06	0.90	1.05
162	1.05	1.05	1.00	1.00	1.07	0.90	1.05
163	1.05	1.05	1.00	1.00	1.08	0.90	1.05
164	1.06	1.06	1.00	1.00	1.09	0.90	1.05
165	1.07	1.07	1.00	1.00	1.10	0.90	1.05
166	1.07	1.07	1.00	1.00	1.11	0.90	1.05
167	1.08	1.08	1.00	1.00	1.12	0.90	1.05
168	1.09	1.09	1.00	1.00	1.13	0.90	1.05
169	1.09	1.09	1.00	1.00	1.14	0.90	1.05
170	1.10	1.10	1.00	1.00	1.15	0.90	1.05
171	1.10	1.10	1.00	1.00	1.15	0.90	1.05
172	1.10	1.10	1.00	1.00	1.15	0.90	1.05
173	1.10	1.10	1.00	1.00	1.15	0.90	1.05
174	1.10	1.10	1.00	1.00	1.15	0.90	1.05
175	1.10	1.10	1.00	1.00	1.15	0.90	1.05
176	1.10	1.10	1.00	1.00	1.15	0.90	1.05
177	1.10	1.10	1.00	1.00	1.15	0.90	1.05
178	1.10	1.10	1.00	1.00	1.15	0.90	1.05
179	1.10	1.10	1.00	1.00	1.15	0.90	1.05
180	1.10	1.10	1.00	1.00	1.15	0.90	1.05
181	1.10	1.10	1.00	1.00	1.15	0.90	1.05
182	1.10	1.10	1.00	1.00	1.15	0.90	1.05
183	1.10	1.10	1.00	1.00	1.15	0.90	1.05
184	1.10	1.10	1.00	1.00	1.15	0.90	1.05
185	1.10	1.10	1.00	1.00	1.15	0.90	1.05
186	1.10	1.10	1.00	1.00	1.15	0.90	1.05
187	1.10	1.10	1.00	1.00	1.15	0.90	1.05
188	1.10	1.10	1.00	1.00	1.15	0.90	1.05
189	1.10	1.10	1.00	1.00	1.15	0.90	1.05
190	1.10	1.10	1.00	1.00	1.15	0.90	1.05
191	1.10	1.10	1.00	1.00	1.15	0.90	1.05
192	1.10	1.10	1.00	1.00	1.15	0.90	1.05
193	1.10	1.10	1.00	1.00	1.15	0.90	1.05
194	1.10	1.10	1.00	1.00	1.15	0.90	1.05
195	1.10	1.10	1.00	1.00	1.15	0.90	1.05
196	1.10	1.10	1.00	1.00	1.15	0.90	1.05
197	1.10	1.10	1.00	1.00	1.15	0.90	1.05
198	1.10	1.10	1.00	1.00	1.15	0.90	1.05
199	1.10	1.10	1.00	1.00	1.15	0.90	1.05
200	1.10	1.10	1.00	1.00	1.15	0.90	1.05
201	1.10	1.10	1.00	1.00	1.15	0.90	1.05
202	1.10	1.10	1.00	1.00	1.15	0.90	1.05
203	1.10	1.10	1.00	1.00	1.15	0.90	1.05
204	1.10	1.10	1.00	1.00	1.15	0.90	1.05
205	1.10	1.10	1.00	1.00	1.15	0.90	1.05
206	1.10	1.10	1.00	1.00	1.15	0.90	1.05
207	1.10	1.10	1.00	1.00	1.15	0.90	1.05
208	1.10	1.10	1.00	1.00	1.15	0.90	1.05
209	1.10	1.10	1.00	1.00	1.15	0.90	1.05
210	1.10	1.10	1.00	1.00	1.15	0.90	1.05
211	1.10	1.10	1.00	1.00	1.15	0.90	1.05
212	1.10	1.10	1.00	1.00	1.15	0.90	1.05
213	1.10	1.10	1.00	1.00	1.15	0.90	1.05
214	1.10	1.10	1.00	1.00	1.15	0.90	1.05
215	1.10	1.10	1.00	1.00	1.15	0.90	1.05
216	1.10	1.10	1.00	1.00	1.15	0.90	1.05
217	1.10	1.10	1.00	1.00	1.15	0.90	1.05
218	1.10	1.10	1.00	1.00	1.15	0.90	1.05
219	1.10	1.10	1.00	1.00	1.15	0.90	1.05
220	1.10	1.10	1.00	1.00	1.15	0.90	1.05
221	1.10	1.10	1.00	1.00	1.15	0.90	1.05
222	1.10	1.10	1.00	1.00	1.15	0.90	1.05
223	1.10	1.10	1.00	1.00	1.15	0.90	1.05
224	1.10	1.10	1.00	1.00	1.15	0.90	1.05
225	1.10	1.10	1.00	1.00	1.15	0.90	1.05
226	1.10	1.10	1.00	1.00	1.15	0.90	1.05
227	1.10	1.10	1.00	1.00	1.15	0.90	1.05
228	1.10	1.10	1.00	1.00	1.15	0.90	1.05
229	1.10	1.10	1.00	1.00	1.15	0.90	1.05
230	1.10	1.10	1.00	1.00	1.15	0.90	1.05
231	1.10	1.10	1.00	1.00	1.15	0.90	1.05
232	1.10	1.10	1.00	1.00	1.15	0.90	1.05
233	1.10	1.10	1.00	1.00	1.15	0.90	1.05
234	1.10	1.10	1.00	1.00	1.15	0.90	1.05
235	1.10	1.10	1.00	1.00	1.15	0.90	1.05
236	1.10	1.10	1.00	1.00	1.15	0.90	1.05
237	1.10	1.10	1.00	1.00	1.15	0.90	1.05
238	1.10	1.10	1.00	1.00	1.15	0.90	1.05
239	1.10	1.10	1.00	1.00	1.15	0.90	1.05
240	1.10	1.10	1.00	1.00	1.15	0.90	1.05
241	1.10	1.10	1.00	1.00	1.15	0.90	1.05
242	1.10	1.10	1.00	1.00	1.15	0.90	1.05
243	1.10	1.10	1.00	1.00	1.15	0.90	1.05
244	1.10	1.10	1.00	1.00	1.15	0.90	1.05
245	1.10	1.10	1.00	1.00	1.15	0.90	1.05
246	1.10	1.10	1.00	1.00	1.15	0.90	1.05
247	1.10	1.10	1.00	1.00	1.15	0.90	1.05
248	1.10	1.10	1.00	1.00	1.15	0.90	1.05
249	1.10	1.10	1.00	1.00	1.15	0.90	1.05
250	1.10	1.10	1.00	1.00	1.15	0.90	1.05
251	1.10	1.10	1.00	1.00	1.15	0.90	1.05
252	1.10	1.10	1.00	1.00	1.15	0.90	1.05
253	1.10	1.10	1.00	1.00	1.15	0.90	1.05
254	1.10	1.10	1.00	1.00	1.15	0.90	1.05
255	1.10	1.10	1.00	1.00	1.15	0.90	1.05
256	1.10	1.10	1.00	1.00	1.15	0.90	1.05
257	1.10	1.10	1.00	1.00	1.15	0.90	1.05
258	1.10	1.10	1.00	1.00	1.15	0.90	1.05
259	1.10	1.10	1.00	1.00	1.15	0.90	1.05
260	1.10	1.10	1.00	1.00	1.15	0.90	1.05
261	1.10	1.10	1.00	1.00	1.15	0.90	1.05
262	1.10	1.10	1.00	1.00	1.15	0.90	1.05
263	1.10	1.10	1.00	1.00	1.15	0.90	1.05
264	1.10	1.10	1.00	1.00	1.15	0.90	1.05
265	1.10	1.10	1.00	1.00	1.15	0.90	1.05
266	1.10	1.10	1.00	1.00	1.15	0.90	1.05
267	1.10	1.10	1.00	1.00	1.15	0.90	1.05
268	1.10	1.10	1.00	1.00	1.15	0.90	1.05
269	1.10	1.10	1.00	1.00	1.15	0.90	1.05
270	1.10	1.10	1.00	1.00	1.15	0.90	1.05
271	1.08	1.08	1.00	1.00	1.12	0.90	1.05
272	1.06	1.06	1.00	1.00	1.09	0.90	1.05
273	1.04	1.04	1.00	1.00	1.06	0.90	1.05
274	1.02	1.02	1.00	1.00	1.03	0.90	1.05
275	1.00	1.00	1.00	1.00	1.00	0.90	1.05
276	0.98	0.98	1.00	1.00	0.97	0.90	1.05
277	0.96	0.96	1.00	1.00	0.94	0.90	1.05
278	0.94	0.94	1.00	1.00	0.91	0.90	1.05
279	0.92	0.92	1.00	1.00	0.88	0.90	1.05
280	0.90	0.90	1.00	1.00	0.85	0.90	1.05
281	0.88	0.88	1.00	1.00	0.82	0.90	1.05
282	0.86	0.86	1.00	1.00	0.79	0.90	1.05
283	0.84	0.84	1.00	1.00	0.76	0.90	1.05
284	0.82	0.82	1.00	1.00	0.73	0.90	1.05
285	0.80	0.80	1.00	1.00	0.70	0.90	1.05
286	0.80	0.80	1.00	1.00	0.70	0.90	1.05
287	0.80	0.80	1.00	1.00	0.70	0.90	1.05
288	0.80	0.80	1.00	1.00	0.70	0.90	1.05
289	0.80	0.80	1.00	1.00	0.70	0.90	1.05
290	0.80	0.80	1.00	1.00	0.70	0.90	1.05
291	0.80	0.80	1.00	1.00	0.70	0.90	1.05
292	0.80	0.80	1.00	1.00	0.70	0.90	1.05
293	0.80	0.80	1.00	1.00	0.70	0.90	1.05
294	0.80	0.80	1.00	1.00	0.70	0.90	1.05
295	0.80	0.80	1.00	1.00	0.70	0.90	1.05
296	0.80	0.80	1.00	1.00	0.70	0.90	1.05
297	0.80	0.80	1.00	1.00	0.70	0.90	1.05
298	0.80	0.80	1.00	1.00	0.70	0.90	1.05
299	0.80	0.80	1.00	1.00	0.70	0.90	1.05
300	0.80	0.80	1.00	1.00	0.70	0.90	1.05
301	0.80	0.80	1.00	1.00	0.70	0.90	1.05
302	0.80	0.80	1.00	1.00	0.70	0.90	1.05
303	0.80	0.80	1.00	1.00	0.70	0.90	1.05
304	0.80	0.80	1.00	1.00	0.70	0.90	1.05
305	0.80	0.80	1.00	1.00	0.70	0.90	1.05
306	0.80	0.80	1.00	1.00	0.70	0.90	1.05
307	0.80	0.80	1.00	1.00	0.70	0.90	1.05
308	0.80	0.80	1.00	1.00	0.70	0.90	1.05
309	0.80	0.80	1.00	1.00	0.70	0.90	1.05
310	0.80	0.80	1.00	1.00	0.70	0.90	1.05
311	0.80	0.80	1.00	1.00	0.70	0.90	1.05
312	0.80	0.80	1.00	1.00	0.70	0.90	1.05
313	0.80	0.80	1.00	1.00	0.70	0.90	1.05
314	0.80	0.80	1.00	1.00	0.70	0.90	1.05
315	0.80	0.80	1.00	1.00	0.70	0.90	1.05
316	0.80	0.80	1.00	1.00	0.70	0.90	1.05
317	0.80	0.80	1.00	1.00	0.70	0.90	1.05
318	0.80	0.80	1.00	1.00	0.70	0.90	1.05
319	0.80	0.80	1.00	1.00	0.70	0.90	1.05
320	0.80	0.80	1.00	1.00	0.70	0.90	1.05
321	0.80	0.80	1.00	1.00	0.70	0.90	1.05
322	0.80	0.80	1.00	1.00	0.70	0.90	1.05
323	0.80	0.80	1.00	1.00	0.70	0.90	1.05
324	0.80	0.80	1.00	1.00	0.70	0.90	1.05
325	0.80	0.80	1.00	1.00	0.70	0.90	1.05
326	0.80	0.80	1.00	1.00	0.70	0.90	1.05
327	0.80	0.80	1.00	1.00	0.70	0.90	1.05
328	0.80	0.80	1.00	1.00	0.70	0.90	1.05
329	0.80	0.80	1.00	1.00	0.70	0.90	1.05
330	0.80	0.80	1.00	1.00	0.70	0.90	1.05
331	0.80	0.80	1.00	1.00	0.70	0.90	1.05
332	0.80	0.80	1.00	1.00	0.70	0.90	1.05
333	0.80	0.80	1.00	1.00	0.70	0.90	1.05
334	0.80	0.80	1.00	1.00	0.70	0.90	1.05
335	0.80	0.80	1.00	1.00	0.70	0.90	1.05
336	0.80	0.80	1.00	1.00	0.70	0.90	1.05
337	0.80	0.80	1.00	1.00	0.70	0.90	1.05
338	0.80	0.80	1.00	1.00	0.70	0.90	1.05
339	0.80	0.80	1.00	1.00	0.70	0.90	1.05
340	0.80	0.80	1.00	1.00	0.70	0.90	1.05
341	0.80	0.80	1.00	1.00	0.70	0.90	1.05
342	0.80	0.80	1.00	1.00	0.70	0.90	1.05
343	0.80	0.80	1.00	1.00	0.70	0.90	1.05
344	0.80	0.80	1.00	1.00	0.70	0.90	1.05
345	0.80	0.80	1.00	1.00	0.70	0.90	1.05
346	0.80	0.80	1.00	1.00	0.70	0.90	1.05
347	0.80	0.80	1.00	1.00	0.70	0.90	1.05
348	0.80	0.80	1.00	1.00	0.70	0.90	1.05
349	0.80	0.80	1.00	1.00	0.70	0.90	1.05
350	0.80	0.80	1.00	1.00	0.70	0.90	1.05
351	0.80	0.80	1.00	1.00	0.70	0.90	1.05
352	0.80	0.80	1.00	1.00	0.70	0.90	1.05
353	0.80	0.80	1.00	1.00	0.70	0.90	1.05
354	0.80	0.80	1.00	1.00	0.70	0.90	1.05
355	0.80	0.80	1.00	1.00	0.70	0.90	1.05
356	0.80	0.80	1.00	1.00	0.70	0.90	1.05
357	0.80	0.80	1.00	1.00	0.70	0.90	1.05
358	0.80	0.80	1.00	1.00	0.70	0.90	1.05
359	0.80	0.80	1.00	1.00	0.70	0.90	1.05
360	0.80	0.80	1.00	1.00	0.70	0.90	1.05
361	0.80	0.80	1.00	1.00	0.70	0.90	1.05
362	0.80	0.80	1.00	1.00	0.70	0.90	1.05
363	0.80	0.80	1.00	1.00	0.70	0.90	1.05
364	0.80	0.80	1.00	1.00	0.70	0.90	1.05
365	0.80	0.80	1.00	1.00	0.70	0.90	1.05
366	0.80	0.80	1.00	1.00	0.70	0.90	1.05
