date	WIN_ave	WIN_max	WIN_max_dir
2016-1-1	1	2.8	6
2016-1-2	2.4	3	6
2016-1-3	0.6	2.2	7
2016-1-4	1.2	2.7	16
2016-1-5	1.8	3.8	2
2016-1-6	1.6	3.2	16
2016-1-7	1	2.2	13
2016-1-8	0.6	2.4	13
2016-1-9	0.8	2.8	6
2016-1-10	0.9	2.1	15
2016-1-11	2.7	4.6	2
2016-1-12	1.6	2.5	3
2016-1-13	0.1	2.3	11
2016-1-14	0.8	2.4	12
2016-1-15	1.6	3.1	7
2016-1-16	1.8	2.8	7
2016-1-17	1	3.6	2
2016-1-18	1.2	4.3	2
2016-1-19	0.9	2.3	6
2016-1-20	1.4	3.3	2
2016-1-21	1.3	4.1	6
2016-1-22	2.4	5.8	3
2016-1-23	1.8	4.8	16
2016-1-24	2	6	11
2016-1-25	1.8	4	13
2016-1-26	1.2	3	9
2016-1-27	1.6	3.1	6
2016-1-28	1.7	3	3
2016-1-29	1.9	4	4
2016-1-30	1.3	2.2	2
2016-1-31	2.5	4.3	2
2016-2-1	0.7	2.6	16
2016-2-2	0.9	1.8	10
2016-2-3	1	2.5	6
2016-2-4	0.8	1.5	11
2016-2-5	1.4	3.7	4
2016-2-6	1.3	3.9	15
2016-2-7	2	3.9	16
2016-2-8	1.4	3.4	9
2016-2-9	1.2	3.2	6
2016-2-10	2.2	3.9	6
2016-2-11	1.1	1.8	5
2016-2-12	1.6	4.5	16
2016-2-13	2.5	5.4	15
2016-2-14	1.1	4.6	1
2016-2-15	1.3	4	14
2016-2-16	1.3	3.7	15
2016-2-17	0.8	2.2	8
2016-2-18	1	2.5	8
2016-2-19	1.5	3.8	2
2016-2-20	1.1	4	2
2016-2-21	2.5	4.4	6
2016-2-22	0.8	3.1	14
2016-2-23	1.4	4.3	2
2016-2-24	1	2.2	6
2016-2-25	1.6	3.5	10
2016-2-26	1.5	3.7	9
2016-2-27	2.2	3.8	8
2016-2-28	1.7	3.9	2
2016-2-29	1.3	3.5	5
2016-3-1	1.5	3.3	6
2016-3-2	1	3.3	12
2016-3-3	0.7	3.2	7
2016-3-4	1.8	3.1	9
2016-3-5	1.6	3.8	15
2016-3-6	2.1	4.8	10
2016-3-7	2	4.6	2
2016-3-8	3.3	5.4	2
2016-3-9	1.6	4.5	2
2016-3-10	1	3.1	15
2016-3-11	2	4.3	11
2016-3-12	1.9	3.6	9
2016-3-13	1.5	4.5	3
2016-3-14	1.3	2.9	9
2016-3-15	1.2	2.7	8
2016-3-16	0.9	3.1	13
2016-3-17	0.7	2.8	12
2016-3-18	0.8	3.1	12
2016-3-19	2	3	6
2016-3-20	2.1	4.4	2
2016-3-21	1.4	3.1	15
2016-3-22	1.3	3.7	13
2016-3-23	2.3	4.6	4
2016-3-24	1.1	3.4	15
2016-3-25	1.3	3.1	5
2016-3-26	1.9	5.2	1
2016-3-27	1.4	3.3	13
2016-3-28	2.8	5.7	11
2016-3-29	1.7	3.6	9
2016-3-30	1.4	2.8	7
2016-3-31	2.1	4.6	11
2016-4-1	2	3.5	7
2016-4-2	1.8	3.4	3
2016-4-3	2.1	5.2	2
2016-4-4	1	2.5	5
2016-4-5	1.6	2.8	6
2016-4-6	1.8	4.1	16
2016-4-7	0.7	2.3	13
2016-4-8	1.2	2.3	12
2016-4-9	1.3	2.4	14
2016-4-10	1.1	3.1	14
2016-4-11	1.5	3.5	6
2016-4-12	1.5	3	7
2016-4-13	0.8	3.4	1
2016-4-14	1	2.4	15
2016-4-15	1.9	4.1	7
2016-4-16	2.5	7.3	14
2016-4-17	1.5	5.1	6
2016-4-18	3.1	4.9	10
2016-4-19	2.6	4.3	9
2016-4-20	1.5	2.6	16
2016-4-21	1.8	3.8	11
2016-4-22	1.6	2.9	9
2016-4-23	2.1	3.7	16
2016-4-24	1.6	3.4	5
2016-4-25	0.7	1.9	15
2016-4-26	0.8	2.3	15
2016-4-27	0.9	2.3	3
2016-4-28	1.3	3	16
2016-4-29	2.4	4.2	10
2016-4-30	2.9	4.7	9
2016-5-1	2.5	4	11
2016-5-2	1.7	6.1	13
2016-5-3	2	4	9
2016-5-4	3.1	5.7	9
2016-5-5	2.2	4.1	8
2016-5-6	1.8	3.6	3
2016-5-7	1.6	5.2	16
2016-5-8	2.7	3.8	16
2016-5-9	1.2	2.4	11
2016-5-10	1.3	3.2	8
2016-5-11	3.1	5.4	8
2016-5-12	2.4	4.9	3
2016-5-13	2.1	5.3	4
2016-5-14	1.9	3.9	16
2016-5-15	2.3	5.5	15
2016-5-16	2.3	3.8	9
2016-5-17	2.1	4.4	9
2016-5-18	2.2	3.3	5
2016-5-19	2.1	2.9	4
2016-5-20	1.5	3.2	2
2016-5-21	3.5	4.6	4
2016-5-22	1.7	3.6	5
2016-5-23	1.7	2.7	14
2016-5-24	1.6	4.3	9
2016-5-25	1.4	3.7	9
2016-5-26	2.4	4.3	16
2016-5-27	1.6	3.6	16
2016-5-28	1.5	2.4	11
2016-5-29	1.3	2.5	9
2016-5-30	2.2	3.8	9
2016-5-31	2.3	4.1	1
2016-6-1	2.6	4.4	2
2016-6-2	1.7	3.5	16
2016-6-3	1.3	2.6	15
2016-6-4	2.6	4.5	8
2016-6-5	1.8	3.8	6
2016-6-6	2.2	5.7	1
2016-6-7	1.2	7.3	3
2016-6-8	0.8	2.8	5
2016-6-9	1	2.6	5
2016-6-10	1.6	3.9	8
2016-6-11	1.1	3.1	8
2016-6-12	1.7	4	16
2016-6-13	2.7	4.2	10
2016-6-14	2.4	6.2	5
2016-6-15	1.5	4.7	16
2016-6-16	1.3	3.7	12
2016-6-17	3.1	7	9
2016-6-18	2.8	4.2	8
2016-6-19	3.5	6.7	8
2016-6-20	2.3	3.7	9
2016-6-21	2.3	3.5	11
2016-6-22	1.6	4	9
2016-6-23	3.5	7.7	2
2016-6-24	2	7.6	2
2016-6-25	1.4	3	11
2016-6-26	1.9	3.6	5
2016-6-27	1.5	3.6	10
2016-6-28	2.8	4.3	9
2016-6-29	2.5	4.5	10
2016-6-30	1.8	4	9
2016-7-1	2	3.7	3
2016-7-2	1.3	2.7	6
2016-7-3	0.7	2.3	7
2016-7-4	2.7	6.1	4
2016-7-5	1.2	2.8	3
2016-7-6	1.2	2.6	6
2016-7-7	1.1	2.3	7
2016-7-8	1.7	3	6
2016-7-9	2	3	5
2016-7-10	1.9	3.3	5
2016-7-11	1.5	2.9	11
2016-7-12	1.3	3	13
2016-7-13	1.8	3.5	2
2016-7-14	1	3.1	16
2016-7-15	2	4.2	15
2016-7-16	2.2	3.3	11
2016-7-17	1.7	3.2	10
2016-7-18	1.9	4.3	5
2016-7-19	2.9	5.1	9
2016-7-20	1.8	4.3	10
2016-7-21	2.2	4.4	8
2016-7-22	2.1	4.7	11
2016-7-23	3	4.5	11
2016-7-24	3.4	5.1	9
2016-7-25	2.4	3.5	8
2016-7-26	1.5	3.6	9
2016-7-27	1.2	9.7	1
2016-7-28	2	5.2	12
2016-7-29	2.2	3.2	10
2016-7-30	2.2	3.6	7
2016-7-31	2	3.3	5
2016-8-1	1.5	2.9	4
2016-8-2	2.1	4.3	2
2016-8-3	0.9	4.8	4
2016-8-4	1.4	3.4	8
2016-8-5	1.6	2.6	7
2016-8-6	0.6	4.1	5
2016-8-7	1.2	3.2	16
2016-8-8	1.4	4.1	3
2016-8-9	1.7	2.8	4
2016-8-10	1.7	3	2
2016-8-11	1.6	3.8	5
2016-8-12	0.9	2.6	15
2016-8-13	0.9	2.5	15
2016-8-14	1.6	2.8	4
2016-8-15	0.9	2.8	3
2016-8-16	1.5	2.5	3
2016-8-17	0.9	2.3	6
2016-8-18	1.1	2.2	6
2016-8-19	1.3	2.7	12
2016-8-20	1.8	3.1	2
2016-8-21	2	3.7	3
2016-8-22	2	3.7	2
2016-8-23	0.8	2.4	13
2016-8-24	0.9	2.3	11
2016-8-25	3.1	6.7	3
2016-8-26	2.7	6.6	2
2016-8-27	1.4	3.4	4
2016-8-28	1	2.5	16
2016-8-29	1.4	2.9	5
2016-8-30	1.2	2.8	11
2016-8-31	2.1	3.9	12
2016-9-1	1.7	3.8	15
2016-9-2	1.2	3.9	6
2016-9-3	1.3	2.2	6
2016-9-4	1.5	2.7	15
2016-9-5	0.9	2.4	7
2016-9-6	2	2.9	11
2016-9-7	1.2	3.6	15
2016-9-8	1.6	2.7	5
2016-9-9	2	3.9	9
2016-9-10	1.6	3.2	1
2016-9-11	1.6	2.7	6
2016-9-12	1.8	3.5	6
2016-9-13	1.2	3.5	6
2016-9-14	1.4	3.3	4
2016-9-15	1.6	3.7	2
2016-9-16	1.5	3.7	4
2016-9-17	0.9	3.7	4
2016-9-18	1.2	3.4	4
2016-9-19	2.3	3.6	2
2016-9-20	1.4	2.9	4
2016-9-21	1	2.1	6
2016-9-22	1.7	2.4	6
2016-9-23	1.9	3.2	8
2016-9-24	1.4	3.3	15
2016-9-25	1.6	2.5	16
2016-9-26	1.5	2.7	16
2016-9-27	2.6	3.6	16
2016-9-28	2.9	5.1	16
2016-9-29	1.8	4.6	3
2016-9-30	2.1	3.6	5
2016-10-1	1	2.7	6
2016-10-2	1.8	2.7	7
2016-10-3	2	3.3	6
2016-10-4	1	2.8	7
2016-10-5	2.1	4.9	3
2016-10-6	1.5	3.7	6
2016-10-7	1.9	4.4	16
2016-10-8	2.8	5.2	4
2016-10-9	1.8	3.7	4
2016-10-10	1.6	3.3	16
2016-10-11	1.8	3.9	16
2016-10-12	1.1	2.3	2
2016-10-13	1.2	2.4	1
2016-10-14	0.9	1.7	15
2016-10-15	0.9	1.3	6
2016-10-16	1.6	3.5	16
2016-10-17	0.5	2.1	13
2016-10-18	1.1	2.4	15
2016-10-19	0.3	2.3	14
2016-10-20	0.7	2.6	6
2016-10-21	1.5	3.7	2
2016-10-22	3.2	5.2	2
2016-10-23	3	3.8	2
2016-10-24	1.4	3.7	16
2016-10-25	1	2.6	15
2016-10-26	1.4	3.4	2
2016-10-27	1.4	4.1	1
2016-10-28	2.3	4.8	16
2016-10-29	1.3	4.6	1
2016-10-30	1	2.8	10
2016-10-31	1.7	3.7	2
2016-11-1	1.4	2.7	15
2016-11-2	1	2.3	13
2016-11-3	2.2	3.5	6
2016-11-4	2.3	3.4	7
2016-11-5	1	2.6	9
2016-11-6	1.3	4.1	2
2016-11-7	2.5	4.1	2
2016-11-8	1.8	3.5	2
2016-11-9	0.7	2	3
2016-11-10	1.8	4.3	9
2016-11-11	1.6	3.8	9
2016-11-12	1.1	2.3	6
2016-11-13	0.3	2.3	4
2016-11-14	1	3.2	12
2016-11-15	1	2.4	15
2016-11-16	0.9	2.3	14
2016-11-17	1	1.8	15
2016-11-18	0.6	1.7	14
2016-11-19	0.6	2.6	14
2016-11-20	1.3	2.5	2
2016-11-21	2	5	2
2016-11-22	3.2	6.2	3
2016-11-23	1.1	3.8	2
2016-11-24	0.5	2.1	14
2016-11-25	0.5	1.7	7
2016-11-26	1.3	4.2	14
2016-11-27	0.8	2.4	8
2016-11-28	0.6	1.9	15
2016-11-29	1.5	3.2	1
2016-11-30	1.3	3.2	9
2016-12-1	0.9	4.1	9
2016-12-2	1.1	1.8	14
2016-12-3	0.9	2.4	13
2016-12-4	1.3	3	8
2016-12-5	1.6	3.7	3
2016-12-6	2.5	4.2	9
2016-12-7	1	3.1	10
2016-12-8	1.2	2.6	10
2016-12-9	1.5	4	2
2016-12-10	1.2	2.9	2
2016-12-11	0.8	1.8	8
2016-12-12	1.5	3.1	16
2016-12-13	1.8	3.9	2
2016-12-14	1.1	3.7	4
2016-12-15	0.7	2.2	13
2016-12-16	1.5	3.4	8
2016-12-17	2.2	3.3	9
2016-12-18	1.5	2	6
2016-12-19	0.8	2	15
2016-12-20	0.6	2.6	2
2016-12-21	1.7	4.6	16
2016-12-22	0.5	1.9	13
2016-12-23	0.9	1.9	4
2016-12-24	0.5	2.1	16
2016-12-25	1.5	4.1	16
2016-12-26	1.4	4	1
2016-12-27	1	2.3	7
2016-12-28	1.2	3.2	7
2016-12-29	1.2	2.1	13
2016-12-30	0.4	1.8	11
2016-12-31	0.7	1.6	5
