The subsurface water table depth (m) at the selected moisture sites is simulated by DHM-WM global water balance routine as below:
date	43	34	39	37	31
2003-01-01		0.0500	0.0500	0.0500	0.7305
2003-01-02		0.0293	0.0293	0.0293	0.7098
2003-01-03		0.0241	0.0241	0.0241	0.7046
2003-01-04		0.0242	0.0242	0.0242	0.7047
2003-01-05		0.0251	0.0251	0.0251	0.7056
2003-01-06		0.0277	0.0277	0.0277	0.7082
2003-01-07		0.0300	0.0300	0.0300	0.7105
2003-01-08		0.0326	0.0326	0.0326	0.7131
2003-01-09		0.0350	0.0350	0.0350	0.7155
2003-01-10		0.0387	0.0387	0.0387	0.7191
2003-01-11		0.0423	0.0423	0.0423	0.7227
2003-01-12		0.0459	0.0459	0.0459	0.7263
2003-01-13		0.0484	0.0484	0.0484	0.7289
2003-01-14		0.0495	0.0495	0.0495	0.7299
2003-01-15		0.0516	0.0516	0.0516	0.7321
2003-01-16		0.0550	0.0550	0.0550	0.7354
2003-01-17		0.0565	0.0565	0.0565	0.7369
2003-01-18		0.0592	0.0592	0.0592	0.7397
2003-01-19		0.0617	0.0617	0.0617	0.7422
2003-01-20		0.0639	0.0639	0.0639	0.7443
2003-01-21		0.0663	0.0663	0.0663	0.7467
2003-01-22		0.0702	0.0702	0.0702	0.7507
2003-01-23		0.0706	0.0706	0.0706	0.7511
2003-01-24		0.0737	0.0737	0.0737	0.7542
2003-01-25		0.0757	0.0757	0.0757	0.7561
2003-01-26		0.0771	0.0771	0.0771	0.7575
2003-01-27		0.0793	0.0793	0.0793	0.7598
2003-01-28		0.0822	0.0822	0.0822	0.7626
2003-01-29		0.0851	0.0851	0.0851	0.7655
2003-01-30		0.0878	0.0878	0.0878	0.7682
2003-01-31		0.0900	0.0900	0.0900	0.7705
2003-02-01		0.0929	0.0929	0.0929	0.7733
2003-02-02		0.0962	0.0962	0.0962	0.7767
2003-02-03		0.1002	0.1002	0.1002	0.7806
2003-02-04		0.1050	0.1050	0.1050	0.7855
2003-02-05		0.1059	0.1059	0.1059	0.7863
2003-02-06		0.1094	0.1094	0.1094	0.7898
2003-02-07		0.1090	0.1090	0.1090	0.7895
2003-02-08		0.1109	0.1109	0.1109	0.7913
2003-02-09		0.1141	0.1141	0.1141	0.7946
2003-02-10		0.1160	0.1160	0.1160	0.7965
2003-02-11		0.1155	0.1155	0.1155	0.7960
2003-02-12		0.1191	0.1191	0.1191	0.7996
2003-02-13		0.1215	0.1215	0.1215	0.8019
2003-02-14		0.1255	0.1255	0.1255	0.8060
2003-02-15		0.1289	0.1289	0.1289	0.8093
2003-02-16		0.1322	0.1322	0.1322	0.8127
2003-02-17		0.1183	0.1183	0.1183	0.7988
2003-02-18		0.1212	0.1212	0.1212	0.8016
2003-02-19		0.1222	0.1222	0.1222	0.8027
2003-02-20		0.1241	0.1241	0.1241	0.8046
2003-02-21		0.1269	0.1269	0.1269	0.8073
2003-02-22		0.1305	0.1305	0.1305	0.8110
2003-02-23		0.1190	0.1190	0.1190	0.7995
2003-02-24		0.1202	0.1202	0.1202	0.8007
2003-02-25		0.1234	0.1234	0.1234	0.8039
2003-02-26		0.1271	0.1271	0.1271	0.8076
2003-02-27		0.1260	0.1260	0.1260	0.8065
2003-02-28		0.1164	0.1164	0.1164	0.7969
2003-03-01		0.1164	0.1164	0.1164	0.7969
2003-03-02		0.0972	0.0972	0.0972	0.7777
2003-03-03		0.0926	0.0926	0.0926	0.7731
2003-03-04		0.0882	0.0882	0.0882	0.7686
2003-03-05		0.0840	0.0840	0.0840	0.7645
2003-03-06		0.0834	0.0834	0.0834	0.7638
2003-03-07		0.0813	0.0813	0.0813	0.7618
2003-03-08		0.0734	0.0734	0.0734	0.7539
2003-03-09		0.0750	0.0750	0.0750	0.7554
2003-03-10		0.0741	0.0741	0.0741	0.7546
2003-03-11		0.0777	0.0777	0.0777	0.7582
2003-03-12		0.0823	0.0823	0.0823	0.7628
2003-03-13		0.0874	0.0874	0.0874	0.7678
2003-03-14		0.0904	0.0904	0.0904	0.7709
2003-03-15		0.0968	0.0968	0.0968	0.7772
2003-03-16		0.0957	0.0957	0.0957	0.7762
2003-03-17		0.0988	0.0988	0.0988	0.7793
2003-03-18		0.0868	0.0868	0.0868	0.7673
2003-03-19		0.0878	0.0878	0.0878	0.7682
2003-03-20		0.0877	0.0877	0.0877	0.7682
2003-03-21		0.0661	0.0661	0.0661	0.7466
2003-03-22		0.0675	0.0675	0.0675	0.7480
2003-03-23		0.0723	0.0723	0.0723	0.7528
2003-03-24		0.0776	0.0776	0.0776	0.7580
2003-03-25		0.0835	0.0835	0.0835	0.7639
2003-03-26		0.0902	0.0902	0.0902	0.7707
2003-03-27		0.0974	0.0974	0.0974	0.7779
2003-03-28		0.1046	0.1046	0.1046	0.7851
2003-03-29		0.1116	0.1116	0.1116	0.7921
2003-03-30		0.1195	0.1195	0.1195	0.8000
2003-03-31		0.1212	0.1212	0.1212	0.8017
2003-04-01		0.1262	0.1262	0.1262	0.8066
2003-04-02		0.1302	0.1302	0.1302	0.8107
2003-04-03		0.1369	0.1369	0.1369	0.8173
2003-04-04		0.1440	0.1440	0.1440	0.8245
2003-04-05		0.1515	0.1515	0.1515	0.8320
2003-04-06		0.1589	0.1589	0.1589	0.8394
2003-04-07		0.1667	0.1667	0.1667	0.8471
2003-04-08		0.1678	0.1678	0.1678	0.8483
2003-04-09		0.1391	0.1391	0.1391	0.8196
2003-04-10		0.1285	0.1285	0.1285	0.8089
2003-04-11		0.1240	0.1240	0.1240	0.8045
2003-04-12		0.1265	0.1265	0.1265	0.8069
2003-04-13		0.1318	0.1318	0.1318	0.8123
2003-04-14		0.1372	0.1372	0.1372	0.8176
2003-04-15		0.1436	0.1436	0.1436	0.8240
2003-04-16		0.1512	0.1512	0.1512	0.8316
2003-04-17		0.1586	0.1586	0.1586	0.8391
2003-04-18		0.1656	0.1656	0.1656	0.8461
2003-04-19		0.1725	0.1725	0.1725	0.8529
2003-04-20		0.1806	0.1806	0.1806	0.8611
2003-04-21		0.1879	0.1879	0.1879	0.8684
2003-04-22		0.1963	0.1963	0.1963	0.8768
2003-04-23		0.2039	0.2039	0.2039	0.8843
2003-04-24		0.2126	0.2126	0.2126	0.8930
2003-04-25		0.2211	0.2211	0.2211	0.9016
2003-04-26		0.2206	0.2206	0.2206	0.9011
2003-04-27		0.2256	0.2256	0.2256	0.9061
2003-04-28		0.2305	0.2305	0.2305	0.9110
2003-04-29		0.2371	0.2371	0.2371	0.9175
2003-04-30		0.2432	0.2432	0.2432	0.9237
2003-05-01		0.2447	0.2447	0.2447	0.9252
2003-05-02		0.2516	0.2516	0.2516	0.9321
2003-05-03		0.2525	0.2525	0.2525	0.9330
2003-05-04		0.2589	0.2589	0.2589	0.9394
2003-05-05		0.2651	0.2651	0.2651	0.9456
2003-05-06		0.2720	0.2720	0.2720	0.9524
2003-05-07		0.2784	0.2784	0.2784	0.9588
2003-05-08		0.2853	0.2853	0.2853	0.9657
2003-05-09		0.2928	0.2928	0.2928	0.9732
2003-05-10		0.2998	0.2998	0.2998	0.9803
2003-05-11		0.3084	0.3084	0.3084	0.9888
2003-05-12		0.3131	0.3131	0.3131	0.9936
2003-05-13		0.3230	0.3230	0.3230	1.0034
2003-05-14		0.3528	0.3528	0.3528	1.0333
2003-05-15		0.3605	0.3605	0.3605	1.0410
2003-05-16		0.3679	0.3679	0.3679	1.0483
2003-05-17		0.3743	0.3743	0.3743	1.0547
2003-05-18		0.3822	0.3822	0.3822	1.0627
2003-05-19		0.3813	0.3813	0.3813	1.0617
2003-05-20		0.3897	0.3897	0.3897	1.0702
2003-05-21		0.3970	0.3970	0.3970	1.0775
2003-05-22		0.4038	0.4038	0.4038	1.0843
2003-05-23		0.3847	0.3847	0.3847	1.0652
2003-05-24		0.3861	0.3861	0.3861	1.0666
2003-05-25		0.3910	0.3910	0.3910	1.0715
2003-05-26		0.3959	0.3959	0.3959	1.0764
2003-05-27		0.4008	0.4008	0.4008	1.0813
2003-05-28		0.4084	0.4084	0.4084	1.0889
2003-05-29		0.4166	0.4166	0.4166	1.0970
2003-05-30		0.4243	0.4243	0.4243	1.1047
2003-05-31		0.4322	0.4322	0.4322	1.1127
2003-06-01		0.4416	0.4416	0.4416	1.1221
2003-06-02		0.4487	0.4487	0.4487	1.1291
2003-06-03		0.4567	0.4567	0.4567	1.1372
2003-06-04		0.4619	0.4619	0.4619	1.1423
2003-06-05		0.4660	0.4660	0.4660	1.1465
2003-06-06		0.4737	0.4737	0.4737	1.1541
2003-06-07		0.4738	0.4738	0.4738	1.1543
2003-06-08		0.4738	0.4738	0.4738	1.1542
2003-06-09		0.4794	0.4794	0.4794	1.1598
2003-06-10		0.4854	0.4854	0.4854	1.1659
2003-06-11		0.4924	0.4924	0.4924	1.1728
2003-06-12		0.4977	0.4977	0.4977	1.1781
2003-06-13		0.4989	0.4989	0.4989	1.1793
2003-06-14		0.5027	0.5027	0.5027	1.1832
2003-06-15		0.5105	0.5105	0.5105	1.1910
2003-06-16		0.5188	0.5188	0.5188	1.1992
2003-06-17		0.5167	0.5167	0.5167	1.1972
2003-06-18		0.5203	0.5203	0.5203	1.2007
2003-06-19		0.5261	0.5261	0.5261	1.2066
2003-06-20		0.5276	0.5276	0.5276	1.2081
2003-06-21		0.5095	0.5095	0.5095	1.1900
2003-06-22		0.5149	0.5149	0.5149	1.1954
2003-06-23		0.5218	0.5218	0.5218	1.2023
2003-06-24		0.5290	0.5290	0.5290	1.2094
2003-06-25		0.5365	0.5365	0.5365	1.2169
2003-06-26		0.5449	0.5449	0.5449	1.2254
2003-06-27		0.5517	0.5517	0.5517	1.2322
2003-06-28		0.5603	0.5603	0.5603	1.2407
2003-06-29		0.5675	0.5675	0.5675	1.2479
2003-06-30		0.5705	0.5705	0.5705	1.2510
2003-07-01		0.5711	0.5711	0.5711	1.2516
2003-07-02		0.5775	0.5775	0.5775	1.2580
2003-07-03		0.5764	0.5764	0.5764	1.2568
2003-07-04		0.5799	0.5799	0.5799	1.2603
2003-07-05		0.5849	0.5849	0.5849	1.2654
2003-07-06		0.5893	0.5893	0.5893	1.2697
2003-07-07		0.5920	0.5920	0.5920	1.2725
2003-07-08		0.5937	0.5937	0.5937	1.2741
2003-07-09		0.6002	0.6002	0.6002	1.2807
2003-07-10		0.6067	0.6067	0.6067	1.2872
2003-07-11		0.6131	0.6131	0.6131	1.2935
2003-07-12		0.6144	0.6144	0.6144	1.2949
2003-07-13		0.6189	0.6189	0.6189	1.2994
2003-07-14		0.6249	0.6249	0.6249	1.3053
2003-07-15		0.6319	0.6319	0.6319	1.3124
2003-07-16		0.6335	0.6335	0.6335	1.3140
2003-07-17		0.6385	0.6385	0.6385	1.3190
2003-07-18		0.6394	0.6394	0.6394	1.3199
2003-07-19		0.6456	0.6456	0.6456	1.3261
2003-07-20		0.6517	0.6517	0.6517	1.3322
2003-07-21		0.6577	0.6577	0.6577	1.3381
2003-07-22		0.6651	0.6651	0.6651	1.3456
2003-07-23		0.6640	0.6640	0.6640	1.3445
2003-07-24		0.6546	0.6546	0.6546	1.3350
2003-07-25		0.6591	0.6591	0.6591	1.3396
2003-07-26		0.6641	0.6641	0.6641	1.3445
2003-07-27		0.6692	0.6692	0.6692	1.3496
2003-07-28		0.6740	0.6740	0.6740	1.3544
2003-07-29		0.6790	0.6790	0.6790	1.3595
2003-07-30		0.6847	0.6847	0.6847	1.3652
2003-07-31		0.6789	0.6789	0.6789	1.3593
2003-08-01		0.6823	0.6823	0.6823	1.3628
2003-08-02		0.6466	0.6466	0.6466	1.3271
2003-08-03		0.6479	0.6479	0.6479	1.3283
2003-08-04		0.6304	0.6304	0.6304	1.3109
2003-08-05		0.6164	0.6164	0.6164	1.2969
2003-08-06		0.6199	0.6199	0.6199	1.3004
2003-08-07		0.6228	0.6228	0.6228	1.3032
2003-08-08		0.6185	0.6185	0.6185	1.2990
2003-08-09		0.6218	0.6218	0.6218	1.3023
2003-08-10		0.6250	0.6250	0.6250	1.3055
2003-08-11		0.6284	0.6284	0.6284	1.3089
2003-08-12		0.6317	0.6317	0.6317	1.3122
2003-08-13		0.6327	0.6327	0.6327	1.3131
2003-08-14		0.6374	0.6374	0.6374	1.3179
2003-08-15		0.6423	0.6423	0.6423	1.3228
2003-08-16		0.6478	0.6478	0.6478	1.3283
2003-08-17		0.6516	0.6516	0.6516	1.3321
2003-08-18		0.6567	0.6567	0.6567	1.3371
2003-08-19		0.6622	0.6622	0.6622	1.3427
2003-08-20		0.6622	0.6622	0.6622	1.3426
2003-08-21		0.6674	0.6674	0.6674	1.3478
2003-08-22		0.6725	0.6725	0.6725	1.3529
2003-08-23		0.6775	0.6775	0.6775	1.3579
2003-08-24		0.6829	0.6829	0.6829	1.3634
2003-08-25		0.6884	0.6884	0.6884	1.3689
2003-08-26		0.6940	0.6940	0.6940	1.3745
2003-08-27		0.6990	0.6990	0.6990	1.3794
2003-08-28		0.6986	0.6986	0.6986	1.3791
2003-08-29		0.7032	0.7032	0.7032	1.3837
2003-08-30		0.7078	0.7078	0.7078	1.3882
2003-08-31		0.7129	0.7129	0.7129	1.3933
2003-09-01		0.7189	0.7189	0.7189	1.3994
2003-09-02		0.7203	0.7203	0.7203	1.4008
2003-09-03		0.7257	0.7257	0.7257	1.4061
2003-09-04		0.7249	0.7249	0.7249	1.4054
2003-09-05		0.7293	0.7293	0.7293	1.4097
2003-09-06		0.7300	0.7300	0.7300	1.4105
2003-09-07		0.7350	0.7350	0.7350	1.4154
2003-09-08		0.7396	0.7396	0.7396	1.4200
2003-09-09		0.7432	0.7432	0.7432	1.4237
2003-09-10		0.7476	0.7476	0.7476	1.4281
2003-09-11		0.7515	0.7515	0.7515	1.4320
2003-09-12		0.7567	0.7567	0.7567	1.4371
2003-09-13		0.7628	0.7628	0.7628	1.4432
2003-09-14		0.7683	0.7683	0.7683	1.4487
2003-09-15		0.7733	0.7733	0.7733	1.4538
2003-09-16		0.7782	0.7782	0.7782	1.4586
2003-09-17		0.7840	0.7840	0.7840	1.4645
2003-09-18		0.7890	0.7890	0.7890	1.5280
2003-09-19		0.7890	0.7890	0.7890	1.5345
2003-09-20		0.7890	0.7890	0.7890	1.5390
2003-09-21		0.7890	0.7890	0.7890	1.5390
2003-09-22		0.7890	0.7890	0.7890	1.5390
2003-09-23		0.7890	0.7890	0.7890	1.5390
2003-09-24		0.7890	0.7890	0.7890	1.5390
2003-09-25		0.7890	0.7890	0.7890	1.5390
2003-09-26		0.7890	0.7890	0.7890	1.5390
2003-09-27		0.7890	0.7890	0.7890	1.5390
2003-09-28		0.7890	0.7890	0.7890	1.5390
2003-09-29		0.7890	0.7890	0.7890	1.5390
2003-09-30		0.7890	0.7890	0.7890	1.5390
2003-10-01		0.7890	0.7890	0.7890	1.5390
2003-10-02		0.7890	0.7890	0.7890	1.5390
2003-10-03		0.7890	0.7890	0.7890	1.5390
2003-10-04		0.7890	0.7890	0.7890	1.5390
2003-10-05		0.7890	0.7890	0.7890	1.5390
2003-10-06		0.7890	0.7890	0.7890	1.5390
2003-10-07		0.7890	0.7890	0.7890	1.5390
2003-10-08		0.7890	0.7890	0.7890	1.5390
2003-10-09		0.7890	0.7890	0.7890	1.5390
2003-10-10		0.7890	0.7890	0.7890	1.5390
2003-10-11		0.7890	0.7890	0.7890	1.5390
2003-10-12		0.7890	0.7890	0.7890	1.5390
2003-10-13		0.7890	0.7890	0.7890	1.5390
2003-10-14		0.7890	0.7890	0.7890	1.5390
2003-10-15		0.7890	0.7890	0.7890	1.5390
2003-10-16		0.7890	0.7890	0.7890	1.5390
2003-10-17		0.7890	0.7890	0.7890	1.5390
2003-10-18		0.7890	0.7890	0.7890	1.5390
2003-10-19		0.7890	0.7890	0.7890	1.5390
2003-10-20		0.7890	0.7890	0.7890	1.5390
2003-10-21		0.7890	0.7890	0.7890	1.5390
2003-10-22		0.7890	0.7890	0.7890	1.5390
2003-10-23		0.7890	0.7890	0.7890	1.5390
2003-10-24		0.7890	0.7890	0.7890	1.5390
2003-10-25		0.7890	0.7890	0.7890	1.5390
2003-10-26		0.7890	0.7890	0.7890	1.5390
2003-10-27		0.7890	0.7890	0.7890	1.5390
2003-10-28		0.7890	0.7890	0.7890	1.5390
2003-10-29		0.7890	0.7890	0.7890	1.5390
2003-10-30		0.7890	0.7890	0.7890	1.5390
2003-10-31		0.7890	0.7890	0.7890	1.5390
2003-11-01		0.7890	0.7890	0.7890	1.5390
2003-11-02		0.7890	0.7890	0.7890	1.5390
2003-11-03		0.7890	0.7890	0.7890	1.5390
2003-11-04		0.7890	0.7890	0.7890	1.5390
2003-11-05		0.7890	0.7890	0.7890	1.5390
2003-11-06		0.7890	0.7890	0.7890	1.5390
2003-11-07		0.7890	0.7890	0.7890	1.5390
2003-11-08		0.7890	0.7890	0.7890	1.5390
2003-11-09		0.7890	0.7890	0.7890	1.5390
2003-11-10		0.7890	0.7890	0.7890	1.5390
2003-11-11		0.7890	0.7890	0.7890	1.5390
2003-11-12		0.7890	0.7890	0.7890	1.5390
2003-11-13		0.7890	0.7890	0.7890	1.5390
2003-11-14		0.7890	0.7890	0.7890	1.5390
2003-11-15		0.7890	0.7890	0.7890	1.5390
2003-11-16		0.7890	0.7890	0.7890	1.5390
2003-11-17		0.7890	0.7890	0.7890	1.5390
2003-11-18		0.7890	0.7890	0.7890	1.5390
2003-11-19		0.7890	0.7890	0.7890	1.5390
2003-11-20		0.7890	0.7890	0.7890	1.5390
2003-11-21		0.7890	0.7890	0.7890	1.5390
2003-11-22		0.7890	0.7890	0.7890	1.5390
2003-11-23		0.7890	0.7890	0.7890	1.5390
2003-11-24		0.7890	0.7890	0.7890	1.5390
2003-11-25		0.7890	0.7890	0.7890	1.5390
2003-11-26		0.7890	0.7890	0.7890	1.5390
2003-11-27		0.7890	0.7890	0.7890	1.5390
2003-11-28		0.7890	0.7890	0.7890	1.5390
2003-11-29		0.7890	0.7890	0.7890	1.5390
2003-11-30		0.7890	0.7890	0.7890	1.5390
2003-12-01		0.7890	0.7890	0.7890	1.5390
2003-12-02		0.7890	0.7890	0.7890	1.5390
2003-12-03		0.7890	0.7890	0.7890	1.5390
2003-12-04		0.7890	0.7890	0.7890	1.5390
2003-12-05		0.7890	0.7890	0.7890	1.5390
2003-12-06		0.7890	0.7890	0.7890	1.5390
2003-12-07		0.7890	0.7890	0.7890	1.5390
2003-12-08		0.7890	0.7890	0.7890	1.5390
2003-12-09		0.7890	0.7890	0.7890	1.5390
2003-12-10		0.7890	0.7890	0.7890	1.5390
2003-12-11		0.7890	0.7890	0.7890	1.5390
2003-12-12		0.7890	0.7890	0.7890	1.5390
2003-12-13		0.7890	0.7890	0.7890	1.5390
2003-12-14		0.7890	0.7890	0.7890	1.5390
2003-12-15		0.7890	0.7890	0.7890	1.5390
2003-12-16		0.7890	0.7890	0.7890	1.5390
2003-12-17		0.7890	0.7890	0.7890	1.5390
2003-12-18		0.7890	0.7890	0.7890	1.5390
2003-12-19		0.7890	0.7890	0.7890	1.5390
2003-12-20		0.7890	0.7890	0.7890	1.5390
2003-12-21		0.7890	0.7890	0.7890	1.5390
2003-12-22		0.7890	0.7890	0.7890	1.5390
2003-12-23		0.7890	0.7890	0.7890	1.5390
2003-12-24		0.7890	0.7890	0.7890	1.5390
2003-12-25		0.7890	0.7890	0.7890	1.5390
2003-12-26		0.7890	0.7890	0.7890	1.5390
2003-12-27		0.7890	0.7890	0.7890	1.5390
2003-12-28		0.7890	0.7890	0.7890	1.5390
2003-12-29		0.7890	0.7890	0.7890	1.5390
2003-12-30		0.7890	0.7890	0.7890	1.5390
2003-12-31		0.7890	0.7890	0.7890	1.5390
2004-01-01		0.7890	0.7890	0.7890	1.5390
2004-01-02		0.7890	0.7890	0.7890	1.5390
2004-01-03		0.7890	0.7890	0.7890	1.5390
2004-01-04		0.7890	0.7890	0.7890	1.5390
2004-01-05		0.7890	0.7890	0.7890	1.5390
2004-01-06		0.7890	0.7890	0.7890	1.5390
2004-01-07		0.7890	0.7890	0.7890	1.5390
2004-01-08		0.7890	0.7890	0.7890	1.5390
2004-01-09		0.7890	0.7890	0.7890	1.5390
2004-01-10		0.7890	0.7890	0.7890	1.5390
2004-01-11		0.7890	0.7890	0.7890	1.5390
2004-01-12		0.7890	0.7890	0.7890	1.5390
2004-01-13		0.7890	0.7890	0.7890	1.5390
2004-01-14		0.7890	0.7890	0.7890	1.5390
2004-01-15		0.7890	0.7890	0.7890	1.5390
2004-01-16		0.7890	0.7890	0.7890	1.5390
2004-01-17		0.7890	0.7890	0.7890	1.5390
2004-01-18		0.7890	0.7890	0.7890	1.5390
2004-01-19		0.7890	0.7890	0.7890	1.5390
2004-01-20		0.7890	0.7890	0.7890	1.5390
2004-01-21		0.7890	0.7890	0.7890	1.5390
2004-01-22		0.7890	0.7890	0.7890	1.5390
2004-01-23		0.7890	0.7890	0.7890	1.5390
2004-01-24		0.7890	0.7890	0.7890	1.5390
2004-01-25		0.7890	0.7890	0.7890	1.5390
2004-01-26		0.7890	0.7890	0.7890	1.5390
2004-01-27		0.7890	0.7890	0.7890	1.5390
2004-01-28		0.7890	0.7890	0.7890	1.5390
2004-01-29		0.7890	0.7890	0.7890	1.5390
2004-01-30		0.7890	0.7890	0.7890	1.5390
2004-01-31		0.7890	0.7890	0.7890	1.5390
2004-02-01		0.7890	0.7890	0.7890	1.5390
2004-02-02		0.7890	0.7890	0.7890	1.5390
2004-02-03		0.7890	0.7890	0.7890	1.5390
2004-02-04		0.7890	0.7890	0.7890	1.5390
2004-02-05		0.7890	0.7890	0.7890	1.5390
2004-02-06		0.7890	0.7890	0.7890	1.5390
2004-02-07		0.7890	0.7890	0.7890	1.5390
2004-02-08		0.7890	0.7890	0.7890	1.5390
2004-02-09		0.7890	0.7890	0.7890	1.5390
2004-02-10		0.7890	0.7890	0.7890	1.5390
2004-02-11		0.7890	0.7890	0.7890	1.5390
2004-02-12		0.7890	0.7890	0.7890	1.5390
2004-02-13		0.7890	0.7890	0.7890	1.5390
2004-02-14		0.7890	0.7890	0.7890	1.5390
2004-02-15		0.7890	0.7890	0.7890	1.4859
2004-02-16		0.7890	0.7890	0.7890	1.4784
2004-02-17		0.7890	0.7890	0.7890	1.4754
2004-02-18		0.7890	0.7890	0.7890	1.4744
2004-02-19		0.7890	0.7890	0.7890	1.4740
2004-02-20		0.7890	0.7890	0.7890	1.4749
2004-02-21		0.7890	0.7890	0.7890	1.4770
2004-02-22		0.7890	0.7890	0.7890	1.4789
2004-02-23		0.7890	0.7890	0.7890	1.4819
2004-02-24		0.7890	0.7890	0.7890	1.4818
2004-02-25		0.7890	0.7890	0.7890	1.4825
2004-02-26		0.7890	0.7890	0.7890	1.4793
2004-02-27		0.7890	0.7890	0.7890	1.4805
2004-02-28		0.7890	0.7890	0.7890	1.4810
2004-02-29		0.7890	0.7890	0.7890	1.4823
2004-03-01		0.7890	0.7890	0.7890	1.4838
2004-03-02		0.7890	0.7890	0.7890	1.4856
2004-03-03		0.7890	0.7890	0.7890	1.4881
2004-03-04		0.7890	0.7890	0.7890	1.4912
2004-03-05		0.7890	0.7890	0.7890	1.4939
2004-03-06		0.7890	0.7890	0.7890	1.4966
2004-03-07		0.7890	0.7890	0.7890	1.4984
2004-03-08		0.7890	0.7890	0.7890	1.5015
2004-03-09		0.7890	0.7890	0.7890	1.5045
2004-03-10		0.7890	0.7890	0.7890	1.5072
2004-03-11		0.7890	0.7890	0.7890	1.5098
2004-03-12		0.7890	0.7890	0.7890	1.5119
2004-03-13		0.7890	0.7890	0.7890	1.5145
2004-03-14		0.7890	0.7890	0.7890	1.5178
2004-03-15		0.7890	0.7890	0.7890	1.5208
2004-03-16		0.7890	0.7890	0.7890	1.5230
2004-03-17		0.7890	0.7890	0.7890	1.5264
2004-03-18		0.7890	0.7890	0.7890	1.5290
2004-03-19		0.7890	0.7890	0.7890	1.5315
2004-03-20		0.7890	0.7890	0.7890	1.5356
2004-03-21		0.7890	0.7890	0.7890	1.5390
2004-03-22		0.7890	0.7890	0.7890	1.5390
2004-03-23		0.7890	0.7890	0.7890	1.5390
2004-03-24		0.7890	0.7890	0.7890	1.5390
2004-03-25		0.7890	0.7890	0.7890	1.5390
2004-03-26		0.7890	0.7890	0.7890	1.5390
2004-03-27		0.7890	0.7890	0.7890	1.5390
2004-03-28		0.7890	0.7890	0.7890	1.5390
2004-03-29		0.7890	0.7890	0.7890	1.5390
2004-03-30		0.7890	0.7890	0.7890	1.5390
2004-03-31		0.7890	0.7890	0.7890	1.5390
2004-04-01		0.7890	0.7890	0.7890	1.5390
2004-04-02		0.7890	0.7890	0.7890	1.5390
2004-04-03		0.7890	0.7890	0.7890	1.5390
2004-04-04		0.7890	0.7890	0.7890	1.5390
2004-04-05		0.7890	0.7890	0.7890	1.5390
2004-04-06		0.7890	0.7890	0.7890	1.5390
2004-04-07		0.7890	0.7890	0.7890	1.5390
2004-04-08		0.7890	0.7890	0.7890	1.5390
2004-04-09		0.7890	0.7890	0.7890	1.5390
2004-04-10		0.7890	0.7890	0.7890	1.5390
2004-04-11		0.7890	0.7890	0.7890	1.5390
2004-04-12		0.7890	0.7890	0.7890	1.5390
2004-04-13		0.7890	0.7890	0.7890	1.5390
2004-04-14		0.7890	0.7890	0.7890	1.5390
2004-04-15		0.7890	0.7890	0.7890	1.5390
2004-04-16		0.7890	0.7890	0.7890	1.5390
2004-04-17		0.7890	0.7890	0.7890	1.5390
2004-04-18		0.7890	0.7890	0.7890	1.5390
2004-04-19		0.7890	0.7890	0.7890	1.5390
2004-04-20		0.7890	0.7890	0.7890	1.5390
2004-04-21		0.7890	0.7890	0.7890	1.5390
2004-04-22		0.7890	0.7890	0.7890	1.5390
2004-04-23		0.7890	0.7890	0.7890	1.5390
2004-04-24		0.7890	0.7890	0.7890	1.5390
2004-04-25		0.7890	0.7890	0.7890	1.5390
2004-04-26		0.7890	0.7890	0.7890	1.5390
2004-04-27		0.7890	0.7890	0.7890	1.5390
2004-04-28		0.7890	0.7890	0.7890	1.5390
2004-04-29		0.7890	0.7890	0.7890	1.5390
2004-04-30		0.7890	0.7890	0.7890	1.5390
2004-05-01		0.7890	0.7890	0.7890	1.5390
2004-05-02		0.7890	0.7890	0.7890	1.5390
2004-05-03		0.7890	0.7890	0.7890	1.5390
2004-05-04		0.7890	0.7890	0.7890	1.5390
2004-05-05		0.7890	0.7890	0.7890	1.5390
2004-05-06		0.7890	0.7890	0.7890	1.5390
2004-05-07		0.7890	0.7890	0.7890	1.5390
2004-05-08		0.7890	0.7890	0.7890	1.5390
2004-05-09		0.7890	0.7890	0.7890	1.5390
2004-05-10		0.7890	0.7890	0.7890	1.5390
2004-05-11		0.7890	0.7890	0.7890	1.5390
2004-05-12		0.7890	0.7890	0.7890	1.5390
2004-05-13		0.7890	0.7890	0.7890	1.5390
2004-05-14		0.7890	0.7890	0.7890	1.5390
2004-05-15		0.7890	0.7890	0.7890	1.5390
2004-05-16		0.7890	0.7890	0.7890	1.5390
2004-05-17		0.7890	0.7890	0.7890	1.5390
2004-05-18		0.7890	0.7890	0.7890	1.5390
2004-05-19		0.7890	0.7890	0.7890	1.5390
2004-05-20		0.7890	0.7890	0.7890	1.5390
2004-05-21		0.7890	0.7890	0.7890	1.5390
2004-05-22		0.7890	0.7890	0.7890	1.5390
2004-05-23		0.7890	0.7890	0.7890	1.5390
2004-05-24		0.7890	0.7890	0.7890	1.5390
2004-05-25		0.7890	0.7890	0.7890	1.5390
2004-05-26		0.7890	0.7890	0.7890	1.5390
2004-05-27		0.7890	0.7890	0.7890	1.5390
2004-05-28		0.7890	0.7890	0.7890	1.5390
2004-05-29		0.7890	0.7890	0.7890	1.5390
2004-05-30		0.7890	0.7890	0.7890	1.5390
2004-05-31		0.7890	0.7890	0.7890	1.5390
2004-06-01		0.7890	0.7890	0.7890	1.5390
2004-06-02		0.7890	0.7890	0.7890	1.5390
2004-06-03		0.7890	0.7890	0.7890	1.5390
2004-06-04		0.7890	0.7890	0.7890	1.5390
2004-06-05		0.7890	0.7890	0.7890	1.5390
2004-06-06		0.7890	0.7890	0.7890	1.5390
2004-06-07		0.7890	0.7890	0.7890	1.5390
2004-06-08		0.7890	0.7890	0.7890	1.5390
2004-06-09		0.7890	0.7890	0.7890	1.5390
2004-06-10		0.7890	0.7890	0.7890	1.5390
2004-06-11		0.7890	0.7890	0.7890	1.5390
2004-06-12		0.7890	0.7890	0.7890	1.5390
2004-06-13		0.7890	0.7890	0.7890	1.5390
2004-06-14		0.7890	0.7890	0.7890	1.5390
2004-06-15		0.7890	0.7890	0.7890	1.5390
2004-06-16		0.7890	0.7890	0.7890	1.5390
2004-06-17		0.7890	0.7890	0.7890	1.5390
2004-06-18		0.7890	0.7890	0.7890	1.5390
2004-06-19		0.7890	0.7890	0.7890	1.5390
2004-06-20		0.7890	0.7890	0.7890	1.5390
2004-06-21		0.7890	0.7890	0.7890	1.5390
2004-06-22		0.7890	0.7890	0.7890	1.5390
2004-06-23		0.7890	0.7890	0.7890	1.5390
2004-06-24		0.7890	0.7890	0.7890	1.5390
2004-06-25		0.7890	0.7890	0.7890	1.5390
2004-06-26		0.7890	0.7890	0.7890	1.5390
2004-06-27		0.7890	0.7890	0.7890	1.5390
2004-06-28		0.7890	0.7890	0.7890	1.5390
2004-06-29		0.7890	0.7890	0.7890	1.5390
2004-06-30		0.7890	0.7890	0.7890	1.5390
2004-07-01		0.7890	0.7890	0.7890	1.5390
2004-07-02		0.7890	0.7890	0.7890	1.5390
2004-07-03		0.7890	0.7890	0.7890	1.5390
2004-07-04		0.7890	0.7890	0.7890	1.5390
2004-07-05		0.7890	0.7890	0.7890	1.5390
2004-07-06		0.7890	0.7890	0.7890	1.5390
2004-07-07		0.7890	0.7890	0.7890	1.5390
2004-07-08		0.7890	0.7890	0.7890	1.5390
2004-07-09		0.7890	0.7890	0.7890	1.5390
2004-07-10		0.7890	0.7890	0.7890	1.5390
2004-07-11		0.7890	0.7890	0.7890	1.5390
2004-07-12		0.7890	0.7890	0.7890	1.5390
2004-07-13		0.7890	0.7890	0.7890	1.5390
2004-07-14		0.7890	0.7890	0.7890	1.5390
2004-07-15		0.7890	0.7890	0.7890	1.5390
2004-07-16		0.7890	0.7890	0.7890	1.5390
2004-07-17		0.7890	0.7890	0.7890	1.5390
2004-07-18		0.7890	0.7890	0.7890	1.5390
2004-07-19		0.7890	0.7890	0.7890	1.5390
2004-07-20		0.7890	0.7890	0.7890	1.5390
2004-07-21		0.7890	0.7890	0.7890	1.5390
2004-07-22		0.7890	0.7890	0.7890	1.5390
2004-07-23		0.7890	0.7890	0.7890	1.5390
2004-07-24		0.7890	0.7890	0.7890	1.5390
2004-07-25		0.7890	0.7890	0.7890	1.5390
2004-07-26		0.7890	0.7890	0.7890	1.5390
2004-07-27		0.7890	0.7890	0.7890	1.5390
2004-07-28		0.7890	0.7890	0.7890	1.5390
2004-07-29		0.7890	0.7890	0.7890	1.5390
2004-07-30		0.7890	0.7890	0.7890	1.5390
2004-07-31		0.7890	0.7890	0.7890	1.5390
2004-08-01		0.7890	0.7890	0.7890	1.5390
2004-08-02		0.7890	0.7890	0.7890	1.5390
2004-08-03		0.7890	0.7890	0.7890	1.5390
2004-08-04		0.7890	0.7890	0.7890	1.5390
2004-08-05		0.7890	0.7890	0.7890	1.5390
2004-08-06		0.7890	0.7890	0.7890	1.5390
2004-08-07		0.7890	0.7890	0.7890	1.5390
2004-08-08		0.7890	0.7890	0.7890	1.5390
2004-08-09		0.7890	0.7890	0.7890	1.5390
2004-08-10		0.7890	0.7890	0.7890	1.5390
2004-08-11		0.7890	0.7890	0.7890	1.5390
2004-08-12		0.7890	0.7890	0.7890	1.5390
2004-08-13		0.7890	0.7890	0.7890	1.5390
2004-08-14		0.7890	0.7890	0.7890	1.5390
2004-08-15		0.7890	0.7890	0.7890	1.5390
2004-08-16		0.7890	0.7890	0.7890	1.5390
2004-08-17		0.7890	0.7890	0.7890	1.5390
2004-08-18		0.7890	0.7890	0.7890	1.5390
2004-08-19		0.7890	0.7890	0.7890	1.5390
2004-08-20		0.7890	0.7890	0.7890	1.5390
2004-08-21		0.7890	0.7890	0.7890	1.5390
2004-08-22		0.7890	0.7890	0.7890	1.5390
2004-08-23		0.7890	0.7890	0.7890	1.5390
2004-08-24		0.7890	0.7890	0.7890	1.5390
2004-08-25		0.7890	0.7890	0.7890	1.5390
2004-08-26		0.7890	0.7890	0.7890	1.5390
2004-08-27		0.7890	0.7890	0.7890	1.5390
2004-08-28		0.7890	0.7890	0.7890	1.5390
2004-08-29		0.7890	0.7890	0.7890	1.5390
2004-08-30		0.7890	0.7890	0.7890	1.5390
2004-08-31		0.7890	0.7890	0.7890	1.5390
2004-09-01		0.7890	0.7890	0.7890	1.5390
2004-09-02		0.7890	0.7890	0.7890	1.5390
2004-09-03		0.7890	0.7890	0.7890	1.5390
2004-09-04		0.7890	0.7890	0.7890	1.5390
2004-09-05		0.7890	0.7890	0.7890	1.5390
2004-09-06		0.7890	0.7890	0.7890	1.5390
2004-09-07		0.7890	0.7890	0.7890	1.5390
2004-09-08		0.7890	0.7890	0.7890	1.5390
2004-09-09		0.7890	0.7890	0.7890	1.5390
2004-09-10		0.7890	0.7890	0.7890	1.5390
2004-09-11		0.7890	0.7890	0.7890	1.5390
2004-09-12		0.7890	0.7890	0.7890	1.5390
2004-09-13		0.7890	0.7890	0.7890	1.5390
2004-09-14		0.7890	0.7890	0.7890	1.5390
2004-09-15		0.7890	0.7890	0.7890	1.5390
2004-09-16		0.7890	0.7890	0.7890	1.5390
2004-09-17		0.7890	0.7890	0.7890	1.5390
2004-09-18		0.7890	0.7890	0.7890	1.5390
2004-09-19		0.7890	0.7890	0.7890	1.5390
2004-09-20		0.7890	0.7890	0.7890	1.5390
2004-09-21		0.7890	0.7890	0.7890	1.5390
2004-09-22		0.7890	0.7890	0.7890	1.5390
2004-09-23		0.7890	0.7890	0.7890	1.5390
2004-09-24		0.7890	0.7890	0.7890	1.5390
2004-09-25		0.7890	0.7890	0.7890	1.5390
2004-09-26		0.7890	0.7890	0.7890	1.5390
2004-09-27		0.7890	0.7890	0.7890	1.5390
2004-09-28		0.7890	0.7890	0.7890	1.5390
2004-09-29		0.7890	0.7890	0.7890	1.5390
2004-09-30		0.7890	0.7890	0.7890	1.5390
2004-10-01		0.7890	0.7890	0.7890	1.5390
2004-10-02		0.7890	0.7890	0.7890	1.5390
2004-10-03		0.7890	0.7890	0.7890	1.5390
2004-10-04		0.7890	0.7890	0.7890	1.5390
2004-10-05		0.7890	0.7890	0.7890	1.5390
2004-10-06		0.7890	0.7890	0.7890	1.5390
2004-10-07		0.7890	0.7890	0.7890	1.5390
2004-10-08		0.7890	0.7890	0.7890	1.5390
2004-10-09		0.7890	0.7890	0.7890	1.5390
2004-10-10		0.7890	0.7890	0.7890	1.5390
2004-10-11		0.7890	0.7890	0.7890	1.5390
2004-10-12		0.7890	0.7890	0.7890	1.5390
2004-10-13		0.7890	0.7890	0.7890	1.5390
2004-10-14		0.7890	0.7890	0.7890	1.5390
2004-10-15		0.7890	0.7890	0.7890	1.5390
2004-10-16		0.7890	0.7890	0.7890	1.5390
2004-10-17		0.7890	0.7890	0.7890	1.5390
2004-10-18		0.7890	0.7890	0.7890	1.5390
2004-10-19		0.7890	0.7890	0.7890	1.5390
2004-10-20		0.7890	0.7890	0.7890	1.5390
2004-10-21		0.7890	0.7890	0.7890	1.5390
2004-10-22		0.7890	0.7890	0.7890	1.5390
2004-10-23		0.7890	0.7890	0.7890	1.5390
2004-10-24		0.7890	0.7890	0.7890	1.5390
2004-10-25		0.7890	0.7890	0.7890	1.5390
2004-10-26		0.7890	0.7890	0.7890	1.5390
2004-10-27		0.7890	0.7890	0.7890	1.5390
2004-10-28		0.7890	0.7890	0.7890	1.5390
2004-10-29		0.7890	0.7890	0.7890	1.5390
2004-10-30		0.7890	0.7890	0.7890	1.5390
2004-10-31		0.7890	0.7890	0.7890	1.5390
2004-11-01		0.7890	0.7890	0.7890	1.5390
2004-11-02		0.7890	0.7890	0.7890	1.5390
2004-11-03		0.7890	0.7890	0.7890	1.5390
2004-11-04		0.7890	0.7890	0.7890	1.5390
2004-11-05		0.7890	0.7890	0.7890	1.5390
2004-11-06		0.7890	0.7890	0.7890	1.5390
2004-11-07		0.7890	0.7890	0.7890	1.5390
2004-11-08		0.7890	0.7890	0.7890	1.5390
2004-11-09		0.7890	0.7890	0.7890	1.5390
2004-11-10		0.7890	0.7890	0.7890	1.5390
2004-11-11		0.7890	0.7890	0.7890	1.5390
2004-11-12		0.7890	0.7890	0.7890	1.5390
2004-11-13		0.7890	0.7890	0.7890	1.5390
2004-11-14		0.7890	0.7890	0.7890	1.5390
2004-11-15		0.7890	0.7890	0.7890	1.5390
2004-11-16		0.7890	0.7890	0.7890	1.5390
2004-11-17		0.7890	0.7890	0.7890	1.5390
2004-11-18		0.7890	0.7890	0.7890	1.5390
2004-11-19		0.7890	0.7890	0.7890	1.5390
2004-11-20		0.7890	0.7890	0.7890	1.5390
2004-11-21		0.7890	0.7890	0.7890	1.5390
2004-11-22		0.7890	0.7890	0.7890	1.5390
2004-11-23		0.7890	0.7890	0.7890	1.5390
2004-11-24		0.7890	0.7890	0.7890	1.5390
2004-11-25		0.7890	0.7890	0.7890	1.5390
2004-11-26		0.7890	0.7890	0.7890	1.5390
2004-11-27		0.7890	0.7890	0.7890	1.5390
2004-11-28		0.7890	0.7890	0.7890	1.5335
2004-11-29		0.7890	0.7890	0.7890	1.5304
2004-11-30		0.7890	0.7890	0.7890	1.5297
2004-12-01		0.7890	0.7890	0.7890	1.5298
2004-12-02		0.7890	0.7890	0.7890	1.5308
2004-12-03		0.7890	0.7890	0.7890	1.5313
2004-12-04		0.7890	0.7890	0.7890	1.5329
2004-12-05		0.7890	0.7890	0.7890	1.5340
2004-12-06		0.7890	0.7890	0.7890	1.5352
2004-12-07		0.7890	0.7890	0.7890	1.5360
2004-12-08		0.7890	0.7890	0.7890	1.5370
2004-12-09		0.7890	0.7890	0.7890	1.5383
2004-12-10		0.7890	0.7890	0.7890	1.5380
2004-12-11		0.7890	0.7890	0.7890	1.4772
2004-12-12		0.7890	0.7890	0.7890	1.4726
2004-12-13		0.7890	0.7890	0.7890	1.4707
2004-12-14		0.7890	0.7890	0.7890	1.4704
2004-12-15		0.7890	0.7890	0.7890	1.4708
2004-12-16		0.7890	0.7890	0.7890	1.4713
2004-12-17		0.7890	0.7890	0.7890	1.4728
2004-12-18		0.7890	0.7890	0.7890	1.4740
2004-12-19		0.7890	0.7890	0.7890	1.4750
2004-12-20		0.7890	0.7890	0.7890	1.4761
2004-12-21		0.7890	0.7890	0.7890	1.4774
2004-12-22		0.7890	0.7890	0.7890	1.4792
2004-12-23		0.7890	0.7890	0.7890	1.4802
2004-12-24		0.7890	0.7890	0.7890	1.4770
2004-12-25		0.7890	0.7890	0.7890	1.4752
2004-12-26		0.7784	0.7784	0.7784	1.4589
2004-12-27		0.7281	0.7281	0.7281	1.4086
2004-12-28		0.7246	0.7246	0.7246	1.4050
2004-12-29		0.7233	0.7233	0.7233	1.4038
2004-12-30		0.7240	0.7240	0.7240	1.4044
2004-12-31		0.7255	0.7255	0.7255	1.4059
2005-01-01		0.7264	0.7264	0.7264	1.4068
2005-01-02		0.7277	0.7277	0.7277	1.4082
2005-01-03		0.7298	0.7298	0.7298	1.4103
2005-01-04		0.7316	0.7316	0.7316	1.4121
2005-01-05		0.7330	0.7330	0.7330	1.4135
2005-01-06		0.7350	0.7350	0.7350	1.4155
2005-01-07		0.7367	0.7367	0.7367	1.4172
2005-01-08		0.7382	0.7382	0.7382	1.4186
2005-01-09		0.7390	0.7390	0.7390	1.4195
2005-01-10		0.7407	0.7407	0.7407	1.4212
2005-01-11		0.7423	0.7423	0.7423	1.4228
2005-01-12		0.7440	0.7440	0.7440	1.4244
2005-01-13		0.7458	0.7458	0.7458	1.4262
2005-01-14		0.7427	0.7427	0.7427	1.4232
2005-01-15		0.7325	0.7325	0.7325	1.4130
2005-01-16		0.7318	0.7318	0.7318	1.4122
2005-01-17		0.7325	0.7325	0.7325	1.4129
2005-01-18		0.7332	0.7332	0.7332	1.4137
2005-01-19		0.7338	0.7338	0.7338	1.4143
2005-01-20		0.7348	0.7348	0.7348	1.4152
2005-01-21		0.7364	0.7364	0.7364	1.4169
2005-01-22		0.7380	0.7380	0.7380	1.4185
2005-01-23		0.7399	0.7399	0.7399	1.4204
2005-01-24		0.7406	0.7406	0.7406	1.4210
2005-01-25		0.7421	0.7421	0.7421	1.4226
2005-01-26		0.7438	0.7438	0.7438	1.4243
2005-01-27		0.7456	0.7456	0.7456	1.4261
2005-01-28		0.7475	0.7475	0.7475	1.4279
2005-01-29		0.7472	0.7472	0.7472	1.4277
2005-01-30		0.7298	0.7298	0.7298	1.4102
2005-01-31		0.7287	0.7287	0.7287	1.4092
2005-02-01		0.7292	0.7292	0.7292	1.4096
2005-02-02		0.7296	0.7296	0.7296	1.4101
2005-02-03		0.7204	0.7204	0.7204	1.4009
2005-02-04		0.6891	0.6891	0.6891	1.3696
2005-02-05		0.6882	0.6882	0.6882	1.3687
2005-02-06		0.6885	0.6885	0.6885	1.3689
2005-02-07		0.6900	0.6900	0.6900	1.3705
2005-02-08		0.6917	0.6917	0.6917	1.3722
2005-02-09		0.6942	0.6942	0.6942	1.3747
2005-02-10		0.6659	0.6659	0.6659	1.3463
2005-02-11		0.6649	0.6649	0.6649	1.3454
2005-02-12		0.6650	0.6650	0.6650	1.3454
2005-02-13		0.6664	0.6664	0.6664	1.3468
2005-02-14		0.6689	0.6689	0.6689	1.3494
2005-02-15		0.6704	0.6704	0.6704	1.3509
2005-02-16		0.6725	0.6725	0.6725	1.3530
2005-02-17		0.6746	0.6746	0.6746	1.3551
2005-02-18		0.6765	0.6765	0.6765	1.3569
2005-02-19		0.6779	0.6779	0.6779	1.3584
2005-02-20		0.6803	0.6803	0.6803	1.3608
2005-02-21		0.6830	0.6830	0.6830	1.3635
2005-02-22		0.6856	0.6856	0.6856	1.3660
2005-02-23		0.6857	0.6857	0.6857	1.3662
2005-02-24		0.6874	0.6874	0.6874	1.3678
2005-02-25		0.6891	0.6891	0.6891	1.3695
2005-02-26		0.6899	0.6899	0.6899	1.3704
2005-02-27		0.6918	0.6918	0.6918	1.3722
2005-02-28		0.6430	0.6430	0.6430	1.3235
2005-03-01		0.6401	0.6401	0.6401	1.3206
2005-03-02		0.6398	0.6398	0.6398	1.3203
2005-03-03		0.6404	0.6404	0.6404	1.3209
2005-03-04		0.6419	0.6419	0.6419	1.3223
2005-03-05		0.6447	0.6447	0.6447	1.3252
2005-03-06		0.6474	0.6474	0.6474	1.3278
2005-03-07		0.6501	0.6501	0.6501	1.3305
2005-03-08		0.6504	0.6504	0.6504	1.3308
2005-03-09		0.6513	0.6513	0.6513	1.3317
2005-03-10		0.6525	0.6525	0.6525	1.3330
2005-03-11		0.6549	0.6549	0.6549	1.3353
2005-03-12		0.6572	0.6572	0.6572	1.3376
2005-03-13		0.6607	0.6607	0.6607	1.3411
2005-03-14		0.6644	0.6644	0.6644	1.3448
2005-03-15		0.6676	0.6676	0.6676	1.3481
2005-03-16		0.6689	0.6689	0.6689	1.3493
2005-03-17		0.6526	0.6526	0.6526	1.3330
2005-03-18		0.6490	0.6490	0.6490	1.3295
2005-03-19		0.6491	0.6491	0.6491	1.3295
2005-03-20		0.6514	0.6514	0.6514	1.3318
2005-03-21		0.6550	0.6550	0.6550	1.3354
2005-03-22		0.6581	0.6581	0.6581	1.3386
2005-03-23		0.5895	0.5895	0.5895	1.2700
2005-03-24		0.5858	0.5858	0.5858	1.2662
2005-03-25		0.5875	0.5875	0.5875	1.2680
2005-03-26		0.5787	0.5787	0.5787	1.2592
2005-03-27		0.5366	0.5366	0.5366	1.2171
2005-03-28		0.4265	0.4265	0.4265	1.1070
2005-03-29		0.4182	0.4182	0.4182	1.0986
2005-03-30		0.4181	0.4181	0.4181	1.0986
2005-03-31		0.4212	0.4212	0.4212	1.1017
2005-04-01		0.3959	0.3959	0.3959	1.0763
2005-04-02		0.3347	0.3347	0.3347	1.0152
2005-04-03		0.3308	0.3308	0.3308	1.0112
2005-04-04		0.3320	0.3320	0.3320	1.0125
2005-04-05		0.3364	0.3364	0.3364	1.0168
2005-04-06		0.3414	0.3414	0.3414	1.0218
2005-04-07		0.3460	0.3460	0.3460	1.0264
2005-04-08		0.3070	0.3070	0.3070	0.9875
2005-04-09		0.3061	0.3061	0.3061	0.9866
2005-04-10		0.3091	0.3091	0.3091	0.9896
2005-04-11		0.3137	0.3137	0.3137	0.9942
2005-04-12		0.3191	0.3191	0.3191	0.9995
2005-04-13		0.3217	0.3217	0.3217	1.0021
2005-04-14		0.3251	0.3251	0.3251	1.0056
2005-04-15		0.3293	0.3293	0.3293	1.0097
2005-04-16		0.3343	0.3343	0.3343	1.0147
2005-04-17		0.3383	0.3383	0.3383	1.0188
2005-04-18		0.3445	0.3445	0.3445	1.0249
2005-04-19		0.3507	0.3507	0.3507	1.0311
2005-04-20		0.3577	0.3577	0.3577	1.0381
2005-04-21		0.3640	0.3640	0.3640	1.0444
2005-04-22		0.3711	0.3711	0.3711	1.0515
2005-04-23		0.3702	0.3702	0.3702	1.0507
2005-04-24		0.3712	0.3712	0.3712	1.0517
2005-04-25		0.3749	0.3749	0.3749	1.0553
2005-04-26		0.3792	0.3792	0.3792	1.0597
2005-04-27		0.3778	0.3778	0.3778	1.0582
2005-04-28		0.3831	0.3831	0.3831	1.0636
2005-04-29		0.3890	0.3890	0.3890	1.0695
2005-04-30		0.3951	0.3951	0.3951	1.0756
2005-05-01		0.3753	0.3753	0.3753	1.0558
2005-05-02		0.3779	0.3779	0.3779	1.0584
2005-05-03		0.3826	0.3826	0.3826	1.0630
2005-05-04		0.3879	0.3879	0.3879	1.0684
2005-05-05		0.3919	0.3919	0.3919	1.0723
2005-05-06		0.3910	0.3910	0.3910	1.0715
2005-05-07		0.3958	0.3958	0.3958	1.0763
2005-05-08		0.4016	0.4016	0.4016	1.0820
2005-05-09		0.4083	0.4083	0.4083	1.0887
2005-05-10		0.4146	0.4146	0.4146	1.0951
2005-05-11		0.4217	0.4217	0.4217	1.1022
2005-05-12		0.4285	0.4285	0.4285	1.1090
2005-05-13		0.4355	0.4355	0.4355	1.1159
2005-05-14		0.4436	0.4436	0.4436	1.1240
2005-05-15		0.4509	0.4509	0.4509	1.1314
2005-05-16		0.4589	0.4589	0.4589	1.1394
2005-05-17		0.4662	0.4662	0.4662	1.1467
2005-05-18		0.4746	0.4746	0.4746	1.1550
2005-05-19		0.4829	0.4829	0.4829	1.1634
2005-05-20		0.4850	0.4850	0.4850	1.1654
2005-05-21		0.4845	0.4845	0.4845	1.1650
2005-05-22		0.4899	0.4899	0.4899	1.1704
2005-05-23		0.4969	0.4969	0.4969	1.1774
2005-05-24		0.5054	0.5054	0.5054	1.1858
2005-05-25		0.5137	0.5137	0.5137	1.1942
2005-05-26		0.5206	0.5206	0.5206	1.2011
2005-05-27		0.5288	0.5288	0.5288	1.2093
2005-05-28		0.5706	0.5706	0.5706	1.2510
2005-05-29		0.5791	0.5791	0.5791	1.2595
2005-05-30		0.5851	0.5851	0.5851	1.2656
2005-05-31		0.5923	0.5923	0.5923	1.2727
2005-06-01		0.5926	0.5926	0.5926	1.2730
2005-06-02		0.5818	0.5818	0.5818	1.2623
2005-06-03		0.5800	0.5800	0.5800	1.2605
2005-06-04		0.5690	0.5690	0.5690	1.2494
2005-06-05		0.5722	0.5722	0.5722	1.2526
2005-06-06		0.5748	0.5748	0.5748	1.2552
2005-06-07		0.5729	0.5729	0.5729	1.2533
2005-06-08		0.5796	0.5796	0.5796	1.2601
2005-06-09		0.5534	0.5534	0.5534	1.2338
2005-06-10		0.5564	0.5564	0.5564	1.2369
2005-06-11		0.5517	0.5517	0.5517	1.2322
2005-06-12		0.5221	0.5221	0.5221	1.2026
2005-06-13		0.5102	0.5102	0.5102	1.1907
2005-06-14		0.5107	0.5107	0.5107	1.1911
2005-06-15		0.5169	0.5169	0.5169	1.1974
2005-06-16		0.5237	0.5237	0.5237	1.2042
2005-06-17		0.5305	0.5305	0.5305	1.2109
2005-06-18		0.5373	0.5373	0.5373	1.2177
2005-06-19		0.5432	0.5432	0.5432	1.2237
2005-06-20		0.5500	0.5500	0.5500	1.2305
2005-06-21		0.5572	0.5572	0.5572	1.2377
2005-06-22		0.5645	0.5645	0.5645	1.2449
2005-06-23		0.5731	0.5731	0.5731	1.2536
2005-06-24		0.5815	0.5815	0.5815	1.2619
2005-06-25		0.5894	0.5894	0.5894	1.2699
2005-06-26		0.6300	0.6300	0.6300	1.3105
2005-06-27		0.6358	0.6358	0.6358	1.3163
2005-06-28		0.6429	0.6429	0.6429	1.3233
2005-06-29		0.6457	0.6457	0.6457	1.3262
2005-06-30		0.6474	0.6474	0.6474	1.3279
2005-07-01		0.6527	0.6527	0.6527	1.3331
2005-07-02		0.6404	0.6404	0.6404	1.3208
2005-07-03		0.6425	0.6425	0.6425	1.3230
2005-07-04		0.6493	0.6493	0.6493	1.3297
2005-07-05		0.6550	0.6550	0.6550	1.3355
2005-07-06		0.6597	0.6597	0.6597	1.3401
2005-07-07		0.6644	0.6644	0.6644	1.3449
2005-07-08		0.6697	0.6697	0.6697	1.3502
2005-07-09		0.6763	0.6763	0.6763	1.3568
2005-07-10		0.6814	0.6814	0.6814	1.3619
2005-07-11		0.5772	0.5772	0.5772	1.2576
2005-07-12		0.5734	0.5734	0.5734	1.2539
2005-07-13		0.5706	0.5706	0.5706	1.2511
2005-07-14		0.5683	0.5683	0.5683	1.2487
2005-07-15		0.5733	0.5733	0.5733	1.2538
2005-07-16		0.5785	0.5785	0.5785	1.2590
2005-07-17		0.5847	0.5847	0.5847	1.2651
2005-07-18		0.5916	0.5916	0.5916	1.2721
2005-07-19		0.5963	0.5963	0.5963	1.2767
2005-07-20		0.6024	0.6024	0.6024	1.2828
2005-07-21		0.6054	0.6054	0.6054	1.2858
2005-07-22		0.6055	0.6055	0.6055	1.2860
2005-07-23		0.6120	0.6120	0.6120	1.2925
2005-07-24		0.6180	0.6180	0.6180	1.2984
2005-07-25		0.6246	0.6246	0.6246	1.3050
2005-07-26		0.6316	0.6316	0.6316	1.3121
2005-07-27		0.6388	0.6388	0.6388	1.3192
2005-07-28		0.6453	0.6453	0.6453	1.3257
2005-07-29		0.6531	0.6531	0.6531	1.3335
2005-07-30		0.6593	0.6593	0.6593	1.3398
2005-07-31		0.6599	0.6599	0.6599	1.3404
2005-08-01		0.6650	0.6650	0.6650	1.3454
2005-08-02		0.6684	0.6684	0.6684	1.3489
2005-08-03		0.6729	0.6729	0.6729	1.3534
2005-08-04		0.6771	0.6771	0.6771	1.3576
2005-08-05		0.6825	0.6825	0.6825	1.3629
2005-08-06		0.6819	0.6819	0.6819	1.3624
2005-08-07		0.6826	0.6826	0.6826	1.3631
2005-08-08		0.6871	0.6871	0.6871	1.3676
2005-08-09		0.6903	0.6903	0.6903	1.3708
2005-08-10		0.6952	0.6952	0.6952	1.3756
2005-08-11		0.6997	0.6997	0.6997	1.3801
2005-08-12		0.6991	0.6991	0.6991	1.3796
2005-08-13		0.7049	0.7049	0.7049	1.3854
2005-08-14		0.7099	0.7099	0.7099	1.3904
2005-08-15		0.7149	0.7149	0.7149	1.3954
2005-08-16		0.7202	0.7202	0.7202	1.4006
2005-08-17		0.7255	0.7255	0.7255	1.4060
2005-08-18		0.7301	0.7301	0.7301	1.4106
2005-08-19		0.7344	0.7344	0.7344	1.4148
2005-08-20		0.7392	0.7392	0.7392	1.4197
2005-08-21		0.7429	0.7429	0.7429	1.4234
2005-08-22		0.7489	0.7489	0.7489	1.4294
2005-08-23		0.7498	0.7498	0.7498	1.4303
2005-08-24		0.7535	0.7535	0.7535	1.4339
2005-08-25		0.7595	0.7595	0.7595	1.4400
2005-08-26		0.7639	0.7639	0.7639	1.4444
2005-08-27		0.7693	0.7693	0.7693	1.4498
2005-08-28		0.7752	0.7752	0.7752	1.4557
2005-08-29		0.7890	0.7890	0.7890	1.5152
2005-08-30		0.7890	0.7890	0.7890	1.5186
2005-08-31		0.7890	0.7890	0.7890	1.5221
2005-09-01		0.7890	0.7890	0.7890	1.5198
2005-09-02		0.7890	0.7890	0.7890	1.5256
2005-09-03		0.7890	0.7890	0.7890	1.5310
2005-09-04		0.7890	0.7890	0.7890	1.5379
2005-09-05		0.7890	0.7890	0.7890	1.5390
2005-09-06		0.7890	0.7890	0.7890	1.5390
2005-09-07		0.7890	0.7890	0.7890	1.5390
2005-09-08		0.7890	0.7890	0.7890	1.5390
2005-09-09		0.7890	0.7890	0.7890	1.5390
2005-09-10		0.7890	0.7890	0.7890	1.5390
2005-09-11		0.7890	0.7890	0.7890	1.5390
2005-09-12		0.7890	0.7890	0.7890	1.5390
2005-09-13		0.7890	0.7890	0.7890	1.5390
2005-09-14		0.7890	0.7890	0.7890	1.5390
2005-09-15		0.7890	0.7890	0.7890	1.5390
2005-09-16		0.7890	0.7890	0.7890	1.5390
2005-09-17		0.7890	0.7890	0.7890	1.5390
2005-09-18		0.7890	0.7890	0.7890	1.5390
2005-09-19		0.7890	0.7890	0.7890	1.5390
2005-09-20		0.7890	0.7890	0.7890	1.5390
2005-09-21		0.7890	0.7890	0.7890	1.5390
2005-09-22		0.7890	0.7890	0.7890	1.5390
2005-09-23		0.7890	0.7890	0.7890	1.5390
2005-09-24		0.7890	0.7890	0.7890	1.5390
2005-09-25		0.7890	0.7890	0.7890	1.5390
2005-09-26		0.7890	0.7890	0.7890	1.5390
2005-09-27		0.7890	0.7890	0.7890	1.5390
2005-09-28		0.7890	0.7890	0.7890	1.5390
2005-09-29		0.7890	0.7890	0.7890	1.5390
2005-09-30		0.7890	0.7890	0.7890	1.5390
2005-10-01		0.7890	0.7890	0.7890	1.5390
2005-10-02		0.7890	0.7890	0.7890	1.5390
2005-10-03		0.7890	0.7890	0.7890	1.5390
2005-10-04		0.7890	0.7890	0.7890	1.5390
2005-10-05		0.7890	0.7890	0.7890	1.5390
2005-10-06		0.7890	0.7890	0.7890	1.5390
2005-10-07		0.7890	0.7890	0.7890	1.5390
2005-10-08		0.7890	0.7890	0.7890	1.5390
2005-10-09		0.7890	0.7890	0.7890	1.5390
2005-10-10		0.7890	0.7890	0.7890	1.5390
2005-10-11		0.7890	0.7890	0.7890	1.5390
2005-10-12		0.7890	0.7890	0.7890	1.5390
2005-10-13		0.7890	0.7890	0.7890	1.5390
2005-10-14		0.7890	0.7890	0.7890	1.5390
2005-10-15		0.7890	0.7890	0.7890	1.5390
2005-10-16		0.7890	0.7890	0.7890	1.5390
2005-10-17		0.7890	0.7890	0.7890	1.5390
2005-10-18		0.7890	0.7890	0.7890	1.5390
2005-10-19		0.7890	0.7890	0.7890	1.5390
2005-10-20		0.7890	0.7890	0.7890	1.5390
2005-10-21		0.7890	0.7890	0.7890	1.5390
2005-10-22		0.7890	0.7890	0.7890	1.5390
2005-10-23		0.7890	0.7890	0.7890	1.5390
2005-10-24		0.7890	0.7890	0.7890	1.5390
2005-10-25		0.7890	0.7890	0.7890	1.5390
2005-10-26		0.7890	0.7890	0.7890	1.5390
2005-10-27		0.7890	0.7890	0.7890	1.5390
2005-10-28		0.7890	0.7890	0.7890	1.5390
2005-10-29		0.7890	0.7890	0.7890	1.5390
2005-10-30		0.7890	0.7890	0.7890	1.5390
2005-10-31		0.7890	0.7890	0.7890	1.5390
2005-11-01		0.7890	0.7890	0.7890	1.5390
2005-11-02		0.7890	0.7890	0.7890	1.5390
2005-11-03		0.7890	0.7890	0.7890	1.5390
2005-11-04		0.7890	0.7890	0.7890	1.5390
2005-11-05		0.7890	0.7890	0.7890	1.5390
2005-11-06		0.7890	0.7890	0.7890	1.5390
2005-11-07		0.7890	0.7890	0.7890	1.5390
2005-11-08		0.7890	0.7890	0.7890	1.5390
2005-11-09		0.7890	0.7890	0.7890	1.5390
2005-11-10		0.7890	0.7890	0.7890	1.5390
2005-11-11		0.7890	0.7890	0.7890	1.5390
2005-11-12		0.7890	0.7890	0.7890	1.5390
2005-11-13		0.7890	0.7890	0.7890	1.5390
2005-11-14		0.7890	0.7890	0.7890	1.5390
2005-11-15		0.7890	0.7890	0.7890	1.5390
2005-11-16		0.7890	0.7890	0.7890	1.5390
2005-11-17		0.7890	0.7890	0.7890	1.5390
2005-11-18		0.7890	0.7890	0.7890	1.5390
2005-11-19		0.7890	0.7890	0.7890	1.5390
2005-11-20		0.7890	0.7890	0.7890	1.5390
2005-11-21		0.7890	0.7890	0.7890	1.5390
2005-11-22		0.7890	0.7890	0.7890	1.5390
2005-11-23		0.7890	0.7890	0.7890	1.5390
2005-11-24		0.7890	0.7890	0.7890	1.5390
2005-11-25		0.7890	0.7890	0.7890	1.5390
2005-11-26		0.7890	0.7890	0.7890	1.5390
2005-11-27		0.7890	0.7890	0.7890	1.5390
2005-11-28		0.7890	0.7890	0.7890	1.5390
2005-11-29		0.7890	0.7890	0.7890	1.5390
2005-11-30		0.7890	0.7890	0.7890	1.5390
2005-12-01		0.7890	0.7890	0.7890	1.5390
2005-12-02		0.7890	0.7890	0.7890	1.5390
2005-12-03		0.7890	0.7890	0.7890	1.5390
2005-12-04		0.7890	0.7890	0.7890	1.5390
2005-12-05		0.7890	0.7890	0.7890	1.5390
2005-12-06		0.7890	0.7890	0.7890	1.5390
2005-12-07		0.7890	0.7890	0.7890	1.5390
2005-12-08		0.7890	0.7890	0.7890	1.5390
2005-12-09		0.7890	0.7890	0.7890	1.5390
2005-12-10		0.7890	0.7890	0.7890	1.5390
2005-12-11		0.7890	0.7890	0.7890	1.5390
2005-12-12		0.7890	0.7890	0.7890	1.5390
2005-12-13		0.7890	0.7890	0.7890	1.5390
2005-12-14		0.7890	0.7890	0.7890	1.5390
2005-12-15		0.7890	0.7890	0.7890	1.5390
2005-12-16		0.7890	0.7890	0.7890	1.5390
2005-12-17		0.7890	0.7890	0.7890	1.5390
2005-12-18		0.7890	0.7890	0.7890	1.5390
2005-12-19		0.7890	0.7890	0.7890	1.5390
2005-12-20		0.7890	0.7890	0.7890	1.5390
2005-12-21		0.7890	0.7890	0.7890	1.5390
2005-12-22		0.7890	0.7890	0.7890	1.5390
2005-12-23		0.7890	0.7890	0.7890	1.5390
2005-12-24		0.7890	0.7890	0.7890	1.5390
2005-12-25		0.7890	0.7890	0.7890	1.5390
2005-12-26		0.7890	0.7890	0.7890	1.5390
2005-12-27		0.7890	0.7890	0.7890	1.5390
2005-12-28		0.7890	0.7890	0.7890	1.5390
2005-12-29		0.7890	0.7890	0.7890	1.5390
2005-12-30		0.7890	0.7890	0.7890	1.5390
2005-12-31		0.7890	0.7890	0.7890	1.5390
2006-01-01		0.7890	0.7890	0.7890	1.5390
2006-01-02		0.7890	0.7890	0.7890	1.5390
2006-01-03		0.7890	0.7890	0.7890	1.5064
2006-01-04		0.7890	0.7890	0.7890	1.4987
2006-01-05		0.7890	0.7890	0.7890	1.4954
2006-01-06		0.7890	0.7890	0.7890	1.4950
2006-01-07		0.7890	0.7890	0.7890	1.4943
2006-01-08		0.7890	0.7890	0.7890	1.4945
2006-01-09		0.7890	0.7890	0.7890	1.4961
2006-01-10		0.7890	0.7890	0.7890	1.4975
2006-01-11		0.7890	0.7890	0.7890	1.4989
2006-01-12		0.7890	0.7890	0.7890	1.5008
2006-01-13		0.7890	0.7890	0.7890	1.5021
2006-01-14		0.7890	0.7890	0.7890	1.5011
2006-01-15		0.7890	0.7890	0.7890	1.5011
2006-01-16		0.7890	0.7890	0.7890	1.5027
2006-01-17		0.7890	0.7890	0.7890	1.5041
2006-01-18		0.7890	0.7890	0.7890	1.4764
2006-01-19		0.7890	0.7890	0.7890	1.4752
2006-01-20		0.7890	0.7890	0.7890	1.4756
2006-01-21		0.7890	0.7890	0.7890	1.4772
2006-01-22		0.7890	0.7890	0.7890	1.4790
2006-01-23		0.7890	0.7890	0.7890	1.4809
2006-01-24		0.7890	0.7890	0.7890	1.4792
2006-01-25		0.7890	0.7890	0.7890	1.4787
2006-01-26		0.7890	0.7890	0.7890	1.4796
2006-01-27		0.7890	0.7890	0.7890	1.4814
2006-01-28		0.7890	0.7890	0.7890	1.4827
2006-01-29		0.7890	0.7890	0.7890	1.4843
2006-01-30		0.7890	0.7890	0.7890	1.4847
2006-01-31		0.7684	0.7684	0.7684	1.4489
2006-02-01		0.7666	0.7666	0.7666	1.4471
2006-02-02		0.7668	0.7668	0.7668	1.4472
2006-02-03		0.7138	0.7138	0.7138	1.3942
2006-02-04		0.7100	0.7100	0.7100	1.3904
2006-02-05		0.6993	0.6993	0.6993	1.3797
2006-02-06		0.6984	0.6984	0.6984	1.3788
2006-02-07		0.6997	0.6997	0.6997	1.3802
2006-02-08		0.6989	0.6989	0.6989	1.3793
2006-02-09		0.7003	0.7003	0.7003	1.3807
2006-02-10		0.7014	0.7014	0.7014	1.3819
2006-02-11		0.7027	0.7027	0.7027	1.3832
2006-02-12		0.6792	0.6792	0.6792	1.3597
2006-02-13		0.6785	0.6785	0.6785	1.3589
2006-02-14		0.6784	0.6784	0.6784	1.3588
2006-02-15		0.6799	0.6799	0.6799	1.3603
2006-02-16		0.6818	0.6818	0.6818	1.3623
2006-02-17		0.6844	0.6844	0.6844	1.3649
2006-02-18		0.6868	0.6868	0.6868	1.3672
2006-02-19		0.6872	0.6872	0.6872	1.3676
2006-02-20		0.6888	0.6888	0.6888	1.3692
2006-02-21		0.6895	0.6895	0.6895	1.3700
2006-02-22		0.6869	0.6869	0.6869	1.3674
2006-02-23		0.6888	0.6888	0.6888	1.3693
2006-02-24		0.6897	0.6897	0.6897	1.3702
2006-02-25		0.6917	0.6917	0.6917	1.3721
2006-02-26		0.6113	0.6113	0.6113	1.2918
2006-02-27		0.6024	0.6024	0.6024	1.2828
2006-02-28		0.6005	0.6005	0.6005	1.2810
2006-03-01		0.6019	0.6019	0.6019	1.2823
2006-03-02		0.6041	0.6041	0.6041	1.2845
2006-03-03		0.6070	0.6070	0.6070	1.2874
2006-03-04		0.6097	0.6097	0.6097	1.2902
2006-03-05		0.6122	0.6122	0.6122	1.2926
2006-03-06		0.6154	0.6154	0.6154	1.2958
2006-03-07		0.6185	0.6185	0.6185	1.2989
2006-03-08		0.6209	0.6209	0.6209	1.3013
2006-03-09		0.6240	0.6240	0.6240	1.3045
2006-03-10		0.6269	0.6269	0.6269	1.3074
2006-03-11		0.6297	0.6297	0.6297	1.3101
2006-03-12		0.6338	0.6338	0.6338	1.3143
2006-03-13		0.6380	0.6380	0.6380	1.3185
2006-03-14		0.6419	0.6419	0.6419	1.3224
2006-03-15		0.6416	0.6416	0.6416	1.3221
2006-03-16		0.6445	0.6445	0.6445	1.3250
2006-03-17		0.6477	0.6477	0.6477	1.3282
2006-03-18		0.6520	0.6520	0.6520	1.3324
2006-03-19		0.6552	0.6552	0.6552	1.3357
2006-03-20		0.6579	0.6579	0.6579	1.3383
2006-03-21		0.6620	0.6620	0.6620	1.3425
2006-03-22		0.6621	0.6621	0.6621	1.3426
2006-03-23		0.6642	0.6642	0.6642	1.3446
2006-03-24		0.6657	0.6657	0.6657	1.3462
2006-03-25		0.6685	0.6685	0.6685	1.3489
2006-03-26		0.6715	0.6715	0.6715	1.3520
2006-03-27		0.6739	0.6739	0.6739	1.3543
2006-03-28		0.6771	0.6771	0.6771	1.3576
2006-03-29		0.6818	0.6818	0.6818	1.3623
2006-03-30		0.6854	0.6854	0.6854	1.3659
2006-03-31		0.6893	0.6893	0.6893	1.3698
2006-04-01		0.6942	0.6942	0.6942	1.3746
2006-04-02		0.6975	0.6975	0.6975	1.3779
2006-04-03		0.7023	0.7023	0.7023	1.3827
2006-04-04		0.7064	0.7064	0.7064	1.3869
2006-04-05		0.7110	0.7110	0.7110	1.3915
2006-04-06		0.7151	0.7151	0.7151	1.3956
2006-04-07		0.7205	0.7205	0.7205	1.4009
2006-04-08		0.7254	0.7254	0.7254	1.4059
2006-04-09		0.7251	0.7251	0.7251	1.4056
2006-04-10		0.7283	0.7283	0.7283	1.4087
2006-04-11		0.7316	0.7316	0.7316	1.4120
2006-04-12		0.7357	0.7357	0.7357	1.4162
2006-04-13		0.7397	0.7397	0.7397	1.4202
2006-04-14		0.7443	0.7443	0.7443	1.4248
2006-04-15		0.7496	0.7496	0.7496	1.4300
2006-04-16		0.7541	0.7541	0.7541	1.4346
2006-04-17		0.7591	0.7591	0.7591	1.4395
2006-04-18		0.7631	0.7631	0.7631	1.4436
2006-04-19		0.7676	0.7676	0.7676	1.4480
2006-04-20		0.7715	0.7715	0.7715	1.4520
2006-04-21		0.7762	0.7762	0.7762	1.4567
2006-04-22		0.7808	0.7808	0.7808	1.4613
2006-04-23		0.7827	0.7827	0.7827	1.4631
2006-04-24		0.7872	0.7872	0.7872	1.4676
2006-04-25		0.7890	0.7890	0.7890	1.4730
2006-04-26		0.7890	0.7890	0.7890	1.4788
2006-04-27		0.7890	0.7890	0.7890	1.4793
2006-04-28		0.7890	0.7890	0.7890	1.4830
2006-04-29		0.7890	0.7890	0.7890	1.4879
2006-04-30		0.7890	0.7890	0.7890	1.4926
2006-05-01		0.7890	0.7890	0.7890	1.4965
2006-05-02		0.7890	0.7890	0.7890	1.5012
2006-05-03		0.7890	0.7890	0.7890	1.5071
2006-05-04		0.7890	0.7890	0.7890	1.5131
2006-05-05		0.7890	0.7890	0.7890	1.5184
2006-05-06		0.7890	0.7890	0.7890	1.5215
2006-05-07		0.7890	0.7890	0.7890	1.5390
2006-05-08		0.7890	0.7890	0.7890	1.5390
2006-05-09		0.7890	0.7890	0.7890	1.5390
2006-05-10		0.7890	0.7890	0.7890	1.5390
2006-05-11		0.7890	0.7890	0.7890	1.5390
2006-05-12		0.7890	0.7890	0.7890	1.5390
2006-05-13		0.7890	0.7890	0.7890	1.5390
2006-05-14		0.7890	0.7890	0.7890	1.5390
2006-05-15		0.7890	0.7890	0.7890	1.5390
2006-05-16		0.7890	0.7890	0.7890	1.5390
2006-05-17		0.7890	0.7890	0.7890	1.5390
2006-05-18		0.7890	0.7890	0.7890	1.5390
2006-05-19		0.7890	0.7890	0.7890	1.5390
2006-05-20		0.7890	0.7890	0.7890	1.5390
2006-05-21		0.7890	0.7890	0.7890	1.5390
2006-05-22		0.7890	0.7890	0.7890	1.5390
2006-05-23		0.7890	0.7890	0.7890	1.5390
2006-05-24		0.7890	0.7890	0.7890	1.5390
2006-05-25		0.7890	0.7890	0.7890	1.5390
2006-05-26		0.7890	0.7890	0.7890	1.5390
2006-05-27		0.7890	0.7890	0.7890	1.5390
2006-05-28		0.7890	0.7890	0.7890	1.5390
2006-05-29		0.7890	0.7890	0.7890	1.5390
2006-05-30		0.7890	0.7890	0.7890	1.5390
2006-05-31		0.7890	0.7890	0.7890	1.5390
2006-06-01		0.7890	0.7890	0.7890	1.5390
2006-06-02		0.7890	0.7890	0.7890	1.5390
2006-06-03		0.7890	0.7890	0.7890	1.5390
2006-06-04		0.7890	0.7890	0.7890	1.5390
2006-06-05		0.7890	0.7890	0.7890	1.5390
2006-06-06		0.7890	0.7890	0.7890	1.5390
2006-06-07		0.7890	0.7890	0.7890	1.5390
2006-06-08		0.7890	0.7890	0.7890	1.5390
2006-06-09		0.7890	0.7890	0.7890	1.5390
2006-06-10		0.7890	0.7890	0.7890	1.5390
2006-06-11		0.7890	0.7890	0.7890	1.5390
2006-06-12		0.7890	0.7890	0.7890	1.5390
2006-06-13		0.7890	0.7890	0.7890	1.5390
2006-06-14		0.7890	0.7890	0.7890	1.5390
2006-06-15		0.7890	0.7890	0.7890	1.5390
2006-06-16		0.7890	0.7890	0.7890	1.5390
2006-06-17		0.7890	0.7890	0.7890	1.5390
2006-06-18		0.7890	0.7890	0.7890	1.5390
2006-06-19		0.7890	0.7890	0.7890	1.5390
2006-06-20		0.7890	0.7890	0.7890	1.5390
2006-06-21		0.7890	0.7890	0.7890	1.5390
2006-06-22		0.7890	0.7890	0.7890	1.5390
2006-06-23		0.7890	0.7890	0.7890	1.5390
2006-06-24		0.7890	0.7890	0.7890	1.5390
2006-06-25		0.7890	0.7890	0.7890	1.5390
2006-06-26		0.7890	0.7890	0.7890	1.5390
2006-06-27		0.7890	0.7890	0.7890	1.5390
2006-06-28		0.7890	0.7890	0.7890	1.5390
2006-06-29		0.7890	0.7890	0.7890	1.5390
2006-06-30		0.7890	0.7890	0.7890	1.5390
2006-07-01		0.7890	0.7890	0.7890	1.5390
2006-07-02		0.7890	0.7890	0.7890	1.5390
2006-07-03		0.7890	0.7890	0.7890	1.5390
2006-07-04		0.7890	0.7890	0.7890	1.5390
2006-07-05		0.7890	0.7890	0.7890	1.5390
2006-07-06		0.7890	0.7890	0.7890	1.5390
2006-07-07		0.7890	0.7890	0.7890	1.5390
2006-07-08		0.7890	0.7890	0.7890	1.5390
2006-07-09		0.7890	0.7890	0.7890	1.5390
2006-07-10		0.7890	0.7890	0.7890	1.5390
2006-07-11		0.7890	0.7890	0.7890	1.5390
2006-07-12		0.7890	0.7890	0.7890	1.5390
2006-07-13		0.7890	0.7890	0.7890	1.5390
2006-07-14		0.7890	0.7890	0.7890	1.5390
2006-07-15		0.7890	0.7890	0.7890	1.5390
2006-07-16		0.7890	0.7890	0.7890	1.5390
2006-07-17		0.7890	0.7890	0.7890	1.5390
2006-07-18		0.7890	0.7890	0.7890	1.5390
2006-07-19		0.7890	0.7890	0.7890	1.5390
2006-07-20		0.7890	0.7890	0.7890	1.5390
2006-07-21		0.7890	0.7890	0.7890	1.5390
2006-07-22		0.7890	0.7890	0.7890	1.5390
2006-07-23		0.7890	0.7890	0.7890	1.5390
2006-07-24		0.7890	0.7890	0.7890	1.5390
2006-07-25		0.7890	0.7890	0.7890	1.5390
2006-07-26		0.7890	0.7890	0.7890	1.5390
2006-07-27		0.7890	0.7890	0.7890	1.5390
2006-07-28		0.7890	0.7890	0.7890	1.5390
2006-07-29		0.7890	0.7890	0.7890	1.5390
2006-07-30		0.7890	0.7890	0.7890	1.5390
2006-07-31		0.7890	0.7890	0.7890	1.5390
2006-08-01		0.7890	0.7890	0.7890	1.5390
2006-08-02		0.7890	0.7890	0.7890	1.5390
2006-08-03		0.7890	0.7890	0.7890	1.5390
2006-08-04		0.7890	0.7890	0.7890	1.5390
2006-08-05		0.7890	0.7890	0.7890	1.5390
2006-08-06		0.7890	0.7890	0.7890	1.5390
2006-08-07		0.7890	0.7890	0.7890	1.5390
2006-08-08		0.7890	0.7890	0.7890	1.5390
2006-08-09		0.7890	0.7890	0.7890	1.5390
2006-08-10		0.7890	0.7890	0.7890	1.5390
2006-08-11		0.7890	0.7890	0.7890	1.5390
2006-08-12		0.7890	0.7890	0.7890	1.5390
2006-08-13		0.7890	0.7890	0.7890	1.5390
2006-08-14		0.7890	0.7890	0.7890	1.5390
2006-08-15		0.7890	0.7890	0.7890	1.5390
2006-08-16		0.7890	0.7890	0.7890	1.5390
2006-08-17		0.7890	0.7890	0.7890	1.5390
2006-08-18		0.7890	0.7890	0.7890	1.5390
2006-08-19		0.7890	0.7890	0.7890	1.5390
2006-08-20		0.7890	0.7890	0.7890	1.5390
2006-08-21		0.7890	0.7890	0.7890	1.5390
2006-08-22		0.7890	0.7890	0.7890	1.5390
2006-08-23		0.7890	0.7890	0.7890	1.5390
2006-08-24		0.7890	0.7890	0.7890	1.5390
2006-08-25		0.7890	0.7890	0.7890	1.5390
2006-08-26		0.7890	0.7890	0.7890	1.5390
2006-08-27		0.7890	0.7890	0.7890	1.5390
2006-08-28		0.7890	0.7890	0.7890	1.5390
2006-08-29		0.7890	0.7890	0.7890	1.5390
2006-08-30		0.7890	0.7890	0.7890	1.5390
2006-08-31		0.7890	0.7890	0.7890	1.5390
2006-09-01		0.7890	0.7890	0.7890	1.5390
2006-09-02		0.7890	0.7890	0.7890	1.5390
2006-09-03		0.7890	0.7890	0.7890	1.5390
2006-09-04		0.7890	0.7890	0.7890	1.5390
2006-09-05		0.7890	0.7890	0.7890	1.5390
2006-09-06		0.7890	0.7890	0.7890	1.5390
2006-09-07		0.7890	0.7890	0.7890	1.5390
2006-09-08		0.7890	0.7890	0.7890	1.5390
2006-09-09		0.7890	0.7890	0.7890	1.5390
2006-09-10		0.7890	0.7890	0.7890	1.5390
2006-09-11		0.7890	0.7890	0.7890	1.5390
2006-09-12		0.7890	0.7890	0.7890	1.5390
2006-09-13		0.7890	0.7890	0.7890	1.5390
2006-09-14		0.7890	0.7890	0.7890	1.5390
2006-09-15		0.7890	0.7890	0.7890	1.5390
2006-09-16		0.7890	0.7890	0.7890	1.5390
2006-09-17		0.7890	0.7890	0.7890	1.5390
2006-09-18		0.7890	0.7890	0.7890	1.5390
2006-09-19		0.7890	0.7890	0.7890	1.5390
2006-09-20		0.7890	0.7890	0.7890	1.5390
2006-09-21		0.7890	0.7890	0.7890	1.5390
2006-09-22		0.7890	0.7890	0.7890	1.5390
2006-09-23		0.7890	0.7890	0.7890	1.5390
2006-09-24		0.7890	0.7890	0.7890	1.5390
2006-09-25		0.7890	0.7890	0.7890	1.5390
2006-09-26		0.7890	0.7890	0.7890	1.5390
2006-09-27		0.7890	0.7890	0.7890	1.5390
2006-09-28		0.7890	0.7890	0.7890	1.5390
2006-09-29		0.7890	0.7890	0.7890	1.5390
2006-09-30		0.7890	0.7890	0.7890	1.5390
2006-10-01		0.7890	0.7890	0.7890	1.5390
2006-10-02		0.7890	0.7890	0.7890	1.5390
2006-10-03		0.7890	0.7890	0.7890	1.5390
2006-10-04		0.7890	0.7890	0.7890	1.5390
2006-10-05		0.7890	0.7890	0.7890	1.5390
2006-10-06		0.7890	0.7890	0.7890	1.5390
2006-10-07		0.7890	0.7890	0.7890	1.5390
2006-10-08		0.7890	0.7890	0.7890	1.5390
2006-10-09		0.7890	0.7890	0.7890	1.5390
2006-10-10		0.7890	0.7890	0.7890	1.5390
2006-10-11		0.7890	0.7890	0.7890	1.5390
2006-10-12		0.7890	0.7890	0.7890	1.5390
2006-10-13		0.7890	0.7890	0.7890	1.5390
2006-10-14		0.7890	0.7890	0.7890	1.5390
2006-10-15		0.7890	0.7890	0.7890	1.5390
2006-10-16		0.7890	0.7890	0.7890	1.5390
2006-10-17		0.7890	0.7890	0.7890	1.5390
2006-10-18		0.7890	0.7890	0.7890	1.5390
2006-10-19		0.7890	0.7890	0.7890	1.5390
2006-10-20		0.7890	0.7890	0.7890	1.5390
2006-10-21		0.7890	0.7890	0.7890	1.5390
2006-10-22		0.7890	0.7890	0.7890	1.5390
2006-10-23		0.7890	0.7890	0.7890	1.5390
2006-10-24		0.7890	0.7890	0.7890	1.5390
2006-10-25		0.7890	0.7890	0.7890	1.5390
2006-10-26		0.7890	0.7890	0.7890	1.5390
2006-10-27		0.7890	0.7890	0.7890	1.5390
2006-10-28		0.7890	0.7890	0.7890	1.5390
2006-10-29		0.7890	0.7890	0.7890	1.5390
2006-10-30		0.7890	0.7890	0.7890	1.5390
2006-10-31		0.7890	0.7890	0.7890	1.5390
2006-11-01		0.7890	0.7890	0.7890	1.5390
2006-11-02		0.7890	0.7890	0.7890	1.5390
2006-11-03		0.7890	0.7890	0.7890	1.5390
2006-11-04		0.7890	0.7890	0.7890	1.5390
2006-11-05		0.7890	0.7890	0.7890	1.5390
2006-11-06		0.7890	0.7890	0.7890	1.5390
2006-11-07		0.7890	0.7890	0.7890	1.5390
2006-11-08		0.7890	0.7890	0.7890	1.5390
2006-11-09		0.7890	0.7890	0.7890	1.5390
2006-11-10		0.7890	0.7890	0.7890	1.5390
2006-11-11		0.7890	0.7890	0.7890	1.5390
2006-11-12		0.7890	0.7890	0.7890	1.5390
2006-11-13		0.7890	0.7890	0.7890	1.5390
2006-11-14		0.7890	0.7890	0.7890	1.5390
2006-11-15		0.7890	0.7890	0.7890	1.5390
2006-11-16		0.7890	0.7890	0.7890	1.5390
2006-11-17		0.7890	0.7890	0.7890	1.5390
2006-11-18		0.7890	0.7890	0.7890	1.5390
2006-11-19		0.7890	0.7890	0.7890	1.5390
2006-11-20		0.7890	0.7890	0.7890	1.5390
2006-11-21		0.7890	0.7890	0.7890	1.5390
2006-11-22		0.7890	0.7890	0.7890	1.5390
2006-11-23		0.7890	0.7890	0.7890	1.5390
2006-11-24		0.7890	0.7890	0.7890	1.5390
2006-11-25		0.7890	0.7890	0.7890	1.5390
2006-11-26		0.7890	0.7890	0.7890	1.5390
2006-11-27		0.7890	0.7890	0.7890	1.5390
2006-11-28		0.7890	0.7890	0.7890	1.5390
2006-11-29		0.7890	0.7890	0.7890	1.5390
2006-11-30		0.7890	0.7890	0.7890	1.5390
2006-12-01		0.7890	0.7890	0.7890	1.5390
2006-12-02		0.7890	0.7890	0.7890	1.5390
2006-12-03		0.7890	0.7890	0.7890	1.5390
2006-12-04		0.7890	0.7890	0.7890	1.5390
2006-12-05		0.7890	0.7890	0.7890	1.5390
2006-12-06		0.7890	0.7890	0.7890	1.5390
2006-12-07		0.7890	0.7890	0.7890	1.5390
2006-12-08		0.7890	0.7890	0.7890	1.5390
2006-12-09		0.7890	0.7890	0.7890	1.5390
2006-12-10		0.7890	0.7890	0.7890	1.5390
2006-12-11		0.7890	0.7890	0.7890	1.5390
2006-12-12		0.7890	0.7890	0.7890	1.5390
2006-12-13		0.7890	0.7890	0.7890	1.5390
2006-12-14		0.7890	0.7890	0.7890	1.5390
2006-12-15		0.7890	0.7890	0.7890	1.5390
2006-12-16		0.7890	0.7890	0.7890	1.5390
2006-12-17		0.7890	0.7890	0.7890	1.5390
2006-12-18		0.7890	0.7890	0.7890	1.5390
2006-12-19		0.7890	0.7890	0.7890	1.5390
2006-12-20		0.7890	0.7890	0.7890	1.5390
2006-12-21		0.7890	0.7890	0.7890	1.5390
2006-12-22		0.7890	0.7890	0.7890	1.5390
2006-12-23		0.7890	0.7890	0.7890	1.5390
2006-12-24		0.7890	0.7890	0.7890	1.5390
2006-12-25		0.7890	0.7890	0.7890	1.5390
2006-12-26		0.7890	0.7890	0.7890	1.5390
2006-12-27		0.7890	0.7890	0.7890	1.5390
2006-12-28		0.7890	0.7890	0.7890	1.5390
2006-12-29		0.7890	0.7890	0.7890	1.5390
2006-12-30		0.7890	0.7890	0.7890	1.5390
2006-12-31		0.7890	0.7890	0.7890	1.5390

