The relative moisture content (unitless) in the unsaturated layer at the selected moisutre sites is simulated by DHM-WM global water balance routine as below:
date	43	34	39	37	31
2003-01-01		0.2750	0.2750	0.2750	0.3911
2003-01-02		0.2245	0.2245	0.2245	0.3603
2003-01-03		0.1081	0.1081	0.1081	0.3517
2003-01-04		0.0260	0.0260	0.0260	0.3485
2003-01-05		0.0000	0.0000	0.0000	0.3452
2003-01-06		0.0000	0.0000	0.0000	0.3419
2003-01-07		0.0000	0.0000	0.0000	0.3387
2003-01-08		0.0000	0.0000	0.0000	0.3359
2003-01-09		0.0000	0.0000	0.0000	0.3323
2003-01-10		0.0000	0.0000	0.0000	0.3284
2003-01-11		0.0000	0.0000	0.0000	0.3247
2003-01-12		0.0000	0.0000	0.0000	0.3223
2003-01-13		0.0000	0.0000	0.0000	0.3211
2003-01-14		0.0000	0.0000	0.0000	0.3189
2003-01-15		0.0000	0.0000	0.0000	0.3158
2003-01-16		0.0296	0.0296	0.0296	0.3165
2003-01-17		0.0000	0.0000	0.0000	0.3131
2003-01-18		0.0000	0.0000	0.0000	0.3108
2003-01-19		0.0000	0.0000	0.0000	0.3086
2003-01-20		0.0000	0.0000	0.0000	0.3062
2003-01-21		0.0000	0.0000	0.0000	0.3029
2003-01-22		0.0409	0.0409	0.0409	0.3056
2003-01-23		0.0112	0.0112	0.0112	0.3022
2003-01-24		0.0000	0.0000	0.0000	0.3006
2003-01-25		0.0000	0.0000	0.0000	0.2989
2003-01-26		0.0000	0.0000	0.0000	0.2970
2003-01-27		0.0000	0.0000	0.0000	0.2943
2003-01-28		0.0000	0.0000	0.0000	0.2921
2003-01-29		0.0000	0.0000	0.0000	0.2896
2003-01-30		0.0256	0.0256	0.0256	0.2901
2003-01-31		0.0050	0.0050	0.0050	0.2871
2003-02-01		0.0000	0.0000	0.0000	0.2843
2003-02-02		0.0000	0.0000	0.0000	0.2808
2003-02-03		0.0000	0.0000	0.0000	0.2770
2003-02-04		0.0238	0.0238	0.0238	0.2790
2003-02-05		0.0030	0.0030	0.0030	0.2757
2003-02-06		0.1717	0.1717	0.1717	0.3266
2003-02-07		0.1539	0.1539	0.1539	0.3243
2003-02-08		0.1277	0.1277	0.1277	0.3208
2003-02-09		0.1181	0.1181	0.1181	0.3193
2003-02-10		0.2072	0.2072	0.2072	0.3323
2003-02-11		0.1764	0.1764	0.1764	0.3283
2003-02-12		0.1514	0.1514	0.1514	0.3248
2003-02-13		0.1210	0.1210	0.1210	0.3203
2003-02-14		0.0964	0.0964	0.0964	0.3163
2003-02-15		0.0736	0.0736	0.0736	0.3124
2003-02-16		0.2750	0.2750	0.2750	0.3551
2003-02-17		0.2321	0.2321	0.2321	0.3497
2003-02-18		0.2164	0.2164	0.2164	0.3476
2003-02-19		0.1941	0.1941	0.1941	0.3445
2003-02-20		0.1651	0.1651	0.1651	0.3402
2003-02-21		0.1398	0.1398	0.1398	0.3363
2003-02-22		0.2750	0.2750	0.2750	0.3576
2003-02-23		0.2432	0.2432	0.2432	0.3509
2003-02-24		0.2020	0.2020	0.2020	0.3454
2003-02-25		0.1643	0.1643	0.1643	0.3400
2003-02-26		0.2491	0.2491	0.2491	0.3522
2003-02-27		0.2750	0.2750	0.2750	0.3600
2003-02-28		0.2500	0.2500	0.2500	0.3518
2003-03-01		0.2750	0.2750	0.2750	0.3621
2003-03-02		0.2750	0.2750	0.2750	0.3542
2003-03-03		0.2750	0.2750	0.2750	0.3529
2003-03-04		0.2750	0.2750	0.2750	0.3532
2003-03-05		0.2668	0.2668	0.2668	0.3507
2003-03-06		0.2750	0.2750	0.2750	0.3512
2003-03-07		0.2750	0.2750	0.2750	0.3593
2003-03-08		0.2160	0.2160	0.2160	0.3511
2003-03-09		0.2620	0.2620	0.2620	0.3522
2003-03-10		0.1942	0.1942	0.1942	0.3464
2003-03-11		0.1225	0.1225	0.1225	0.3394
2003-03-12		0.0697	0.0697	0.0697	0.3332
2003-03-13		0.1147	0.1147	0.1147	0.3378
2003-03-14		0.0591	0.0591	0.0591	0.3306
2003-03-15		0.1652	0.1652	0.1652	0.3526
2003-03-16		0.1264	0.1264	0.1264	0.3477
2003-03-17		0.2750	0.2750	0.2750	0.3605
2003-03-18		0.2410	0.2410	0.2410	0.3519
2003-03-19		0.2716	0.2716	0.2716	0.3519
2003-03-20		0.2750	0.2750	0.2750	0.3644
2003-03-21		0.1709	0.1709	0.1709	0.3517
2003-03-22		0.0930	0.0930	0.0930	0.3446
2003-03-23		0.0238	0.0238	0.0238	0.3368
2003-03-24		0.0000	0.0000	0.0000	0.3292
2003-03-25		0.0000	0.0000	0.0000	0.3215
2003-03-26		0.0000	0.0000	0.0000	0.3140
2003-03-27		0.0000	0.0000	0.0000	0.3074
2003-03-28		0.0000	0.0000	0.0000	0.3008
2003-03-29		0.0000	0.0000	0.0000	0.2936
2003-03-30		0.0690	0.0690	0.0690	0.3026
2003-03-31		0.0426	0.0426	0.0426	0.2981
2003-04-01		0.0192	0.0192	0.0192	0.2938
2003-04-02		0.0000	0.0000	0.0000	0.2880
2003-04-03		0.0000	0.0000	0.0000	0.2816
2003-04-04		0.0000	0.0000	0.0000	0.2753
2003-04-05		0.0124	0.0124	0.0124	0.2717
2003-04-06		0.0000	0.0000	0.0000	0.2651
2003-04-07		0.1404	0.1404	0.1404	0.3061
2003-04-08		0.2750	0.2750	0.2750	0.3598
2003-04-09		0.2750	0.2750	0.2750	0.3582
2003-04-10		0.2750	0.2750	0.2750	0.3534
2003-04-11		0.2295	0.2295	0.2295	0.3474
2003-04-12		0.1763	0.1763	0.1763	0.3399
2003-04-13		0.1296	0.1296	0.1296	0.3325
2003-04-14		0.0795	0.0795	0.0795	0.3237
2003-04-15		0.0361	0.0361	0.0361	0.3151
2003-04-16		0.0000	0.0000	0.0000	0.3067
2003-04-17		0.0063	0.0063	0.0063	0.3007
2003-04-18		0.0000	0.0000	0.0000	0.2941
2003-04-19		0.0000	0.0000	0.0000	0.2871
2003-04-20		0.0000	0.0000	0.0000	0.2803
2003-04-21		0.0000	0.0000	0.0000	0.2738
2003-04-22		0.0000	0.0000	0.0000	0.2676
2003-04-23		0.0000	0.0000	0.0000	0.2609
2003-04-24		0.0000	0.0000	0.0000	0.2549
2003-04-25		0.2123	0.2123	0.2123	0.3143
2003-04-26		0.1879	0.1879	0.1879	0.3094
2003-04-27		0.1585	0.1585	0.1585	0.3030
2003-04-28		0.1303	0.1303	0.1303	0.2965
2003-04-29		0.1032	0.1032	0.1032	0.2899
2003-04-30		0.1326	0.1326	0.1326	0.2976
2003-05-01		0.1059	0.1059	0.1059	0.2910
2003-05-02		0.1916	0.1916	0.1916	0.3142
2003-05-03		0.1667	0.1667	0.1667	0.3084
2003-05-04		0.1375	0.1375	0.1375	0.3011
2003-05-05		0.1125	0.1125	0.1125	0.2945
2003-05-06		0.0898	0.0898	0.0898	0.2882
2003-05-07		0.0675	0.0675	0.0675	0.2816
2003-05-08		0.0465	0.0465	0.0465	0.2751
2003-05-09		0.0280	0.0280	0.0280	0.2691
2003-05-10		0.0082	0.0082	0.0082	0.2623
2003-05-11		0.0195	0.0195	0.0195	0.2643
2003-05-12		0.0000	0.0000	0.0000	0.2569
2003-05-13		0.2750	0.2750	0.2750	0.3500
2003-05-14		0.2506	0.2506	0.2506	0.3430
2003-05-15		0.2291	0.2291	0.2291	0.3365
2003-05-16		0.2117	0.2117	0.2117	0.3312
2003-05-17		0.1908	0.1908	0.1908	0.3246
2003-05-18		0.2681	0.2681	0.2681	0.3506
2003-05-19		0.2444	0.2444	0.2444	0.3434
2003-05-20		0.2238	0.2238	0.2238	0.3369
2003-05-21		0.2061	0.2061	0.2061	0.3311
2003-05-22		0.2750	0.2750	0.2750	0.3633
2003-05-23		0.2636	0.2636	0.2636	0.3525
2003-05-24		0.2461	0.2461	0.2461	0.3470
2003-05-25		0.2292	0.2292	0.2292	0.3417
2003-05-26		0.2146	0.2146	0.2146	0.3369
2003-05-27		0.1938	0.1938	0.1938	0.3300
2003-05-28		0.1720	0.1720	0.1720	0.3225
2003-05-29		0.1553	0.1553	0.1553	0.3166
2003-05-30		0.1371	0.1371	0.1371	0.3099
2003-05-31		0.1190	0.1190	0.1190	0.3031
2003-06-01		0.1033	0.1033	0.1033	0.2970
2003-06-02		0.0865	0.0865	0.0865	0.2903
2003-06-03		0.0885	0.0885	0.0885	0.2910
2003-06-04		0.0806	0.0806	0.0806	0.2877
2003-06-05		0.0668	0.0668	0.0668	0.2819
2003-06-06		0.0973	0.0973	0.0973	0.2945
2003-06-07		0.2029	0.2029	0.2029	0.3378
2003-06-08		0.1926	0.1926	0.1926	0.3341
2003-06-09		0.1766	0.1766	0.1766	0.3279
2003-06-10		0.1613	0.1613	0.1613	0.3220
2003-06-11		0.1558	0.1558	0.1558	0.3199
2003-06-12		0.1816	0.1816	0.1816	0.3309
2003-06-13		0.1907	0.1907	0.1907	0.3349
2003-06-14		0.1772	0.1772	0.1772	0.3297
2003-06-15		0.1594	0.1594	0.1594	0.3225
2003-06-16		0.2296	0.2296	0.2296	0.3507
2003-06-17		0.2343	0.2343	0.2343	0.3508
2003-06-18		0.2244	0.2244	0.2244	0.3471
2003-06-19		0.2364	0.2364	0.2364	0.3507
2003-06-20		0.2750	0.2750	0.2750	0.3592
2003-06-21		0.2565	0.2565	0.2565	0.3506
2003-06-22		0.2386	0.2386	0.2386	0.3439
2003-06-23		0.2213	0.2213	0.2213	0.3373
2003-06-24		0.2045	0.2045	0.2045	0.3308
2003-06-25		0.1876	0.1876	0.1876	0.3241
2003-06-26		0.1728	0.1728	0.1728	0.3180
2003-06-27		0.1586	0.1586	0.1586	0.3122
2003-06-28		0.1454	0.1454	0.1454	0.3067
2003-06-29		0.1581	0.1581	0.1581	0.3126
2003-06-30		0.1763	0.1763	0.1763	0.3209
2003-07-01		0.1716	0.1716	0.1716	0.3192
2003-07-02		0.2448	0.2448	0.2448	0.3507
2003-07-03		0.2357	0.2357	0.2357	0.3471
2003-07-04		0.2255	0.2255	0.2255	0.3430
2003-07-05		0.2210	0.2210	0.2210	0.3413
2003-07-06		0.2271	0.2271	0.2271	0.3445
2003-07-07		0.2395	0.2395	0.2395	0.3501
2003-07-08		0.2253	0.2253	0.2253	0.3442
2003-07-09		0.2108	0.2108	0.2108	0.3381
2003-07-10		0.1966	0.1966	0.1966	0.3320
2003-07-11		0.2148	0.2148	0.2148	0.3407
2003-07-12		0.2106	0.2106	0.2106	0.3392
2003-07-13		0.1978	0.1978	0.1978	0.3336
2003-07-14		0.1839	0.1839	0.1839	0.3275
2003-07-15		0.1857	0.1857	0.1857	0.3284
2003-07-16		0.1773	0.1773	0.1773	0.3248
2003-07-17		0.1960	0.1960	0.1960	0.3339
2003-07-18		0.1837	0.1837	0.1837	0.3284
2003-07-19		0.1721	0.1721	0.1721	0.3232
2003-07-20		0.1601	0.1601	0.1601	0.3177
2003-07-21		0.1480	0.1480	0.1480	0.3120
2003-07-22		0.2183	0.2183	0.2183	0.3468
2003-07-23		0.2731	0.2731	0.2731	0.3562
2003-07-24		0.2609	0.2609	0.2609	0.3503
2003-07-25		0.2484	0.2484	0.2484	0.3450
2003-07-26		0.2359	0.2359	0.2359	0.3396
2003-07-27		0.2265	0.2265	0.2265	0.3357
2003-07-28		0.2194	0.2194	0.2194	0.3327
2003-07-29		0.2061	0.2061	0.2061	0.3269
2003-07-30		0.2750	0.2750	0.2750	0.3548
2003-07-31		0.2696	0.2696	0.2696	0.3508
2003-08-01		0.2750	0.2750	0.2750	0.3617
2003-08-02		0.2631	0.2631	0.2631	0.3518
2003-08-03		0.2750	0.2750	0.2750	0.3551
2003-08-04		0.2750	0.2750	0.2750	0.3536
2003-08-05		0.2640	0.2640	0.2640	0.3493
2003-08-06		0.2603	0.2603	0.2603	0.3482
2003-08-07		0.2750	0.2750	0.2750	0.3519
2003-08-08		0.2657	0.2657	0.2657	0.3482
2003-08-09		0.2574	0.2574	0.2574	0.3448
2003-08-10		0.2492	0.2492	0.2492	0.3415
2003-08-11		0.2427	0.2427	0.2427	0.3389
2003-08-12		0.2575	0.2575	0.2575	0.3462
2003-08-13		0.2491	0.2491	0.2491	0.3428
2003-08-14		0.2400	0.2400	0.2400	0.3392
2003-08-15		0.2275	0.2275	0.2275	0.3340
2003-08-16		0.2218	0.2218	0.2218	0.3318
2003-08-17		0.2116	0.2116	0.2116	0.3276
2003-08-18		0.2025	0.2025	0.2025	0.3237
2003-08-19		0.2298	0.2298	0.2298	0.3372
2003-08-20		0.2177	0.2177	0.2177	0.3319
2003-08-21		0.2068	0.2068	0.2068	0.3272
2003-08-22		0.1999	0.1999	0.1999	0.3244
2003-08-23		0.1879	0.1879	0.1879	0.3190
2003-08-24		0.1763	0.1763	0.1763	0.3138
2003-08-25		0.1693	0.1693	0.1693	0.3107
2003-08-26		0.1597	0.1597	0.1597	0.3063
2003-08-27		0.1942	0.1942	0.1942	0.3238
2003-08-28		0.1849	0.1849	0.1849	0.3196
2003-08-29		0.1801	0.1801	0.1801	0.3176
2003-08-30		0.1691	0.1691	0.1691	0.3125
2003-08-31		0.1585	0.1585	0.1585	0.3076
2003-09-01		0.1700	0.1700	0.1700	0.3136
2003-09-02		0.1595	0.1595	0.1595	0.3087
2003-09-03		0.2038	0.2038	0.2038	0.3315
2003-09-04		0.1943	0.1943	0.1943	0.3271
2003-09-05		0.2103	0.2103	0.2103	0.3355
2003-09-06		0.2010	0.2010	0.2010	0.3312
2003-09-07		0.1906	0.1906	0.1906	0.3263
2003-09-08		0.1818	0.1818	0.1818	0.3221
2003-09-09		0.1732	0.1732	0.1732	0.3180
2003-09-10		0.1650	0.1650	0.1650	0.3140
2003-09-11		0.1564	0.1564	0.1564	0.3099
2003-09-12		0.1482	0.1482	0.1482	0.3058
2003-09-13		0.1402	0.1402	0.1402	0.3019
2003-09-14		0.1324	0.1324	0.1324	0.2980
2003-09-15		0.1251	0.1251	0.1251	0.2944
2003-09-16		0.1175	0.1175	0.1175	0.2905
2003-09-17		0.2750	0.2750	0.2750	0.3500
2003-09-18		0.2647	0.2647	0.2647	0.3455
2003-09-19		0.2545	0.2545	0.2545	0.3410
2003-09-20		0.2449	0.2449	0.2449	0.3368
2003-09-21		0.2375	0.2375	0.2375	0.3337
2003-09-22		0.2693	0.2693	0.2693	0.3500
2003-09-23		0.2650	0.2650	0.2650	0.3484
2003-09-24		0.2546	0.2546	0.2546	0.3438
2003-09-25		0.2444	0.2444	0.2444	0.3393
2003-09-26		0.2353	0.2353	0.2353	0.3353
2003-09-27		0.2256	0.2256	0.2256	0.3310
2003-09-28		0.2162	0.2162	0.2162	0.3268
2003-09-29		0.2071	0.2071	0.2071	0.3227
2003-09-30		0.1980	0.1980	0.1980	0.3186
2003-10-01		0.1906	0.1906	0.1906	0.3153
2003-10-02		0.1837	0.1837	0.1837	0.3122
2003-10-03		0.1771	0.1771	0.1771	0.3092
2003-10-04		0.1705	0.1705	0.1705	0.3062
2003-10-05		0.1638	0.1638	0.1638	0.3031
2003-10-06		0.1569	0.1569	0.1569	0.2999
2003-10-07		0.2266	0.2266	0.2266	0.3356
2003-10-08		0.2213	0.2213	0.2213	0.3332
2003-10-09		0.2151	0.2151	0.2151	0.3304
2003-10-10		0.2093	0.2093	0.2093	0.3278
2003-10-11		0.2070	0.2070	0.2070	0.3269
2003-10-12		0.2035	0.2035	0.2035	0.3253
2003-10-13		0.1980	0.1980	0.1980	0.3229
2003-10-14		0.1935	0.1935	0.1935	0.3208
2003-10-15		0.1863	0.1863	0.1863	0.3175
2003-10-16		0.1804	0.1804	0.1804	0.3148
2003-10-17		0.1741	0.1741	0.1741	0.3119
2003-10-18		0.1675	0.1675	0.1675	0.3088
2003-10-19		0.1612	0.1612	0.1612	0.3059
2003-10-20		0.1553	0.1553	0.1553	0.3031
2003-10-21		0.1493	0.1493	0.1493	0.3003
2003-10-22		0.1429	0.1429	0.1429	0.2973
2003-10-23		0.1364	0.1364	0.1364	0.2943
2003-10-24		0.1305	0.1305	0.1305	0.2915
2003-10-25		0.1247	0.1247	0.1247	0.2887
2003-10-26		0.1442	0.1442	0.1442	0.2987
2003-10-27		0.1438	0.1438	0.1438	0.2986
2003-10-28		0.2239	0.2239	0.2239	0.3397
2003-10-29		0.2218	0.2218	0.2218	0.3388
2003-10-30		0.2163	0.2163	0.2163	0.3362
2003-10-31		0.2106	0.2106	0.2106	0.3336
2003-11-01		0.2046	0.2046	0.2046	0.3309
2003-11-02		0.1987	0.1987	0.1987	0.3281
2003-11-03		0.1925	0.1925	0.1925	0.3253
2003-11-04		0.2001	0.2001	0.2001	0.3292
2003-11-05		0.1958	0.1958	0.1958	0.3272
2003-11-06		0.1909	0.1909	0.1909	0.3249
2003-11-07		0.1858	0.1858	0.1858	0.3226
2003-11-08		0.1813	0.1813	0.1813	0.3205
2003-11-09		0.1768	0.1768	0.1768	0.3183
2003-11-10		0.1728	0.1728	0.1728	0.3165
2003-11-11		0.1681	0.1681	0.1681	0.3143
2003-11-12		0.1628	0.1628	0.1628	0.3118
2003-11-13		0.1578	0.1578	0.1578	0.3094
2003-11-14		0.1523	0.1523	0.1523	0.3068
2003-11-15		0.1489	0.1489	0.1489	0.3052
2003-11-16		0.1447	0.1447	0.1447	0.3032
2003-11-17		0.1399	0.1399	0.1399	0.3009
2003-11-18		0.1377	0.1377	0.1377	0.2998
2003-11-19		0.1771	0.1771	0.1771	0.3201
2003-11-20		0.1734	0.1734	0.1734	0.3183
2003-11-21		0.1691	0.1691	0.1691	0.3163
2003-11-22		0.1647	0.1647	0.1647	0.3142
2003-11-23		0.1603	0.1603	0.1603	0.3121
2003-11-24		0.1721	0.1721	0.1721	0.3181
2003-11-25		0.1682	0.1682	0.1682	0.3163
2003-11-26		0.1652	0.1652	0.1652	0.3149
2003-11-27		0.1612	0.1612	0.1612	0.3130
2003-11-28		0.1709	0.1709	0.1709	0.3180
2003-11-29		0.1659	0.1659	0.1659	0.3156
2003-11-30		0.1616	0.1616	0.1616	0.3135
2003-12-01		0.1573	0.1573	0.1573	0.3115
2003-12-02		0.1537	0.1537	0.1537	0.3098
2003-12-03		0.1504	0.1504	0.1504	0.3082
2003-12-04		0.1548	0.1548	0.1548	0.3105
2003-12-05		0.1531	0.1531	0.1531	0.3096
2003-12-06		0.1509	0.1509	0.1509	0.3086
2003-12-07		0.1484	0.1484	0.1484	0.3074
2003-12-08		0.1459	0.1459	0.1459	0.3062
2003-12-09		0.1429	0.1429	0.1429	0.3048
2003-12-10		0.1812	0.1812	0.1812	0.3244
2003-12-11		0.1780	0.1780	0.1780	0.3229
2003-12-12		0.1757	0.1757	0.1757	0.3218
2003-12-13		0.1804	0.1804	0.1804	0.3242
2003-12-14		0.2206	0.2206	0.2206	0.3448
2003-12-15		0.2173	0.2173	0.2173	0.3433
2003-12-16		0.2140	0.2140	0.2140	0.3417
2003-12-17		0.2389	0.2389	0.2389	0.3512
2003-12-18		0.2367	0.2367	0.2367	0.3500
2003-12-19		0.2334	0.2334	0.2334	0.3485
2003-12-20		0.2306	0.2306	0.2306	0.3473
2003-12-21		0.2278	0.2278	0.2278	0.3460
2003-12-22		0.2249	0.2249	0.2249	0.3446
2003-12-23		0.2305	0.2305	0.2305	0.3475
2003-12-24		0.2288	0.2288	0.2288	0.3468
2003-12-25		0.2250	0.2250	0.2250	0.3450
2003-12-26		0.2212	0.2212	0.2212	0.3433
2003-12-27		0.2178	0.2178	0.2178	0.3417
2003-12-28		0.2142	0.2142	0.2142	0.3400
2003-12-29		0.2105	0.2105	0.2105	0.3383
2003-12-30		0.2127	0.2127	0.2127	0.3395
2003-12-31		0.2094	0.2094	0.2094	0.3379
2004-01-01		0.2056	0.2056	0.2056	0.3362
2004-01-02		0.2013	0.2013	0.2013	0.3342
2004-01-03		0.1971	0.1971	0.1971	0.3322
2004-01-04		0.1928	0.1928	0.1928	0.3302
2004-01-05		0.2017	0.2017	0.2017	0.3347
2004-01-06		0.1968	0.1968	0.1968	0.3325
2004-01-07		0.1943	0.1943	0.1943	0.3313
2004-01-08		0.1929	0.1929	0.1929	0.3306
2004-01-09		0.1994	0.1994	0.1994	0.3340
2004-01-10		0.1970	0.1970	0.1970	0.3329
2004-01-11		0.1947	0.1947	0.1947	0.3317
2004-01-12		0.1921	0.1921	0.1921	0.3306
2004-01-13		0.1887	0.1887	0.1887	0.3289
2004-01-14		0.1857	0.1857	0.1857	0.3275
2004-01-15		0.1821	0.1821	0.1821	0.3258
2004-01-16		0.1786	0.1786	0.1786	0.3241
2004-01-17		0.1751	0.1751	0.1751	0.3225
2004-01-18		0.1783	0.1783	0.1783	0.3242
2004-01-19		0.1741	0.1741	0.1741	0.3222
2004-01-20		0.1716	0.1716	0.1716	0.3210
2004-01-21		0.1687	0.1687	0.1687	0.3196
2004-01-22		0.1655	0.1655	0.1655	0.3181
2004-01-23		0.1623	0.1623	0.1623	0.3165
2004-01-24		0.1595	0.1595	0.1595	0.3152
2004-01-25		0.1595	0.1595	0.1595	0.3153
2004-01-26		0.2750	0.2750	0.2750	0.3559
2004-01-27		0.2723	0.2723	0.2723	0.3512
2004-01-28		0.2683	0.2683	0.2683	0.3495
2004-01-29		0.2653	0.2653	0.2653	0.3481
2004-01-30		0.2614	0.2614	0.2614	0.3465
2004-01-31		0.2576	0.2576	0.2576	0.3448
2004-02-01		0.2616	0.2616	0.2616	0.3469
2004-02-02		0.2677	0.2677	0.2677	0.3500
2004-02-03		0.2652	0.2652	0.2652	0.3489
2004-02-04		0.2613	0.2613	0.2613	0.3472
2004-02-05		0.2576	0.2576	0.2576	0.3456
2004-02-06		0.2750	0.2750	0.2750	0.3563
2004-02-07		0.2691	0.2691	0.2691	0.3510
2004-02-08		0.2632	0.2632	0.2632	0.3484
2004-02-09		0.2575	0.2575	0.2575	0.3458
2004-02-10		0.2555	0.2555	0.2555	0.3451
2004-02-11		0.2713	0.2713	0.2713	0.3508
2004-02-12		0.2750	0.2750	0.2750	0.3601
2004-02-13		0.2726	0.2726	0.2726	0.3523
2004-02-14		0.2750	0.2750	0.2750	0.3610
2004-02-15		0.2739	0.2739	0.2739	0.3528
2004-02-16		0.2700	0.2700	0.2700	0.3503
2004-02-17		0.2675	0.2675	0.2675	0.3492
2004-02-18		0.2651	0.2651	0.2651	0.3481
2004-02-19		0.2606	0.2606	0.2606	0.3460
2004-02-20		0.2552	0.2552	0.2552	0.3436
2004-02-21		0.2496	0.2496	0.2496	0.3410
2004-02-22		0.2435	0.2435	0.2435	0.3382
2004-02-23		0.2475	0.2475	0.2475	0.3405
2004-02-24		0.2480	0.2480	0.2480	0.3410
2004-02-25		0.2596	0.2596	0.2596	0.3471
2004-02-26		0.2570	0.2570	0.2570	0.3460
2004-02-27		0.2551	0.2551	0.2551	0.3451
2004-02-28		0.2514	0.2514	0.2514	0.3434
2004-02-29		0.2478	0.2478	0.2478	0.3418
2004-03-01		0.2422	0.2422	0.2422	0.3392
2004-03-02		0.2363	0.2363	0.2363	0.3365
2004-03-03		0.2291	0.2291	0.2291	0.3332
2004-03-04		0.2219	0.2219	0.2219	0.3298
2004-03-05		0.2156	0.2156	0.2156	0.3269
2004-03-06		0.2128	0.2128	0.2128	0.3258
2004-03-07		0.2059	0.2059	0.2059	0.3226
2004-03-08		0.1986	0.1986	0.1986	0.3192
2004-03-09		0.1910	0.1910	0.1910	0.3157
2004-03-10		0.1850	0.1850	0.1850	0.3130
2004-03-11		0.1803	0.1803	0.1803	0.3108
2004-03-12		0.1743	0.1743	0.1743	0.3080
2004-03-13		0.1683	0.1683	0.1683	0.3052
2004-03-14		0.1624	0.1624	0.1624	0.3024
2004-03-15		0.1564	0.1564	0.1564	0.2996
2004-03-16		0.1511	0.1511	0.1511	0.2971
2004-03-17		0.1447	0.1447	0.1447	0.2942
2004-03-18		0.1386	0.1386	0.1386	0.2913
2004-03-19		0.1311	0.1311	0.1311	0.2878
2004-03-20		0.1232	0.1232	0.1232	0.2840
2004-03-21		0.1154	0.1154	0.1154	0.2803
2004-03-22		0.1071	0.1071	0.1071	0.2764
2004-03-23		0.1025	0.1025	0.1025	0.2742
2004-03-24		0.0976	0.0976	0.0976	0.2718
2004-03-25		0.0918	0.0918	0.0918	0.2691
2004-03-26		0.0853	0.0853	0.0853	0.2659
2004-03-27		0.0787	0.0787	0.0787	0.2627
2004-03-28		0.0720	0.0720	0.0720	0.2594
2004-03-29		0.0651	0.0651	0.0651	0.2560
2004-03-30		0.0674	0.0674	0.0674	0.2572
2004-03-31		0.0670	0.0670	0.0670	0.2571
2004-04-01		0.0617	0.0617	0.0617	0.2545
2004-04-02		0.0575	0.0575	0.0575	0.2524
2004-04-03		0.0526	0.0526	0.0526	0.2499
2004-04-04		0.0473	0.0473	0.0473	0.2473
2004-04-05		0.0414	0.0414	0.0414	0.2443
2004-04-06		0.0353	0.0353	0.0353	0.2412
2004-04-07		0.0288	0.0288	0.0288	0.2379
2004-04-08		0.0389	0.0389	0.0389	0.2430
2004-04-09		0.0336	0.0336	0.0336	0.2404
2004-04-10		0.0275	0.0275	0.0275	0.2372
2004-04-11		0.0215	0.0215	0.0215	0.2341
2004-04-12		0.0154	0.0154	0.0154	0.2310
2004-04-13		0.0243	0.0243	0.0243	0.2355
2004-04-14		0.0201	0.0201	0.0201	0.2333
2004-04-15		0.0158	0.0158	0.0158	0.2311
2004-04-16		0.0103	0.0103	0.0103	0.2282
2004-04-17		0.0040	0.0040	0.0040	0.2249
2004-04-18		0.0000	0.0000	0.0000	0.2217
2004-04-19		0.0000	0.0000	0.0000	0.2184
2004-04-20		0.0000	0.0000	0.0000	0.2154
2004-04-21		0.0000	0.0000	0.0000	0.2121
2004-04-22		0.0000	0.0000	0.0000	0.2089
2004-04-23		0.0000	0.0000	0.0000	0.2058
2004-04-24		0.0000	0.0000	0.0000	0.2023
2004-04-25		0.0000	0.0000	0.0000	0.1994
2004-04-26		0.0562	0.0562	0.0562	0.2282
2004-04-27		0.0498	0.0498	0.0498	0.2253
2004-04-28		0.0426	0.0426	0.0426	0.2220
2004-04-29		0.0355	0.0355	0.0355	0.2187
2004-04-30		0.0936	0.0936	0.0936	0.2485
2004-05-01		0.1175	0.1175	0.1175	0.2607
2004-05-02		0.2360	0.2360	0.2360	0.3140
2004-05-03		0.2275	0.2275	0.2275	0.3105
2004-05-04		0.2186	0.2186	0.2186	0.3067
2004-05-05		0.2077	0.2077	0.2077	0.3021
2004-05-06		0.1957	0.1957	0.1957	0.2970
2004-05-07		0.1845	0.1845	0.1845	0.2922
2004-05-08		0.1721	0.1721	0.1721	0.2869
2004-05-09		0.1618	0.1618	0.1618	0.2825
2004-05-10		0.1537	0.1537	0.1537	0.2789
2004-05-11		0.1448	0.1448	0.1448	0.2751
2004-05-12		0.1372	0.1372	0.1372	0.2718
2004-05-13		0.1281	0.1281	0.1281	0.2677
2004-05-14		0.1189	0.1189	0.1189	0.2637
2004-05-15		0.1095	0.1095	0.1095	0.2595
2004-05-16		0.1040	0.1040	0.1040	0.2571
2004-05-17		0.0952	0.0952	0.0952	0.2531
2004-05-18		0.0866	0.0866	0.0866	0.2492
2004-05-19		0.0828	0.0828	0.0828	0.2477
2004-05-20		0.0979	0.0979	0.0979	0.2555
2004-05-21		0.0884	0.0884	0.0884	0.2511
2004-05-22		0.0789	0.0789	0.0789	0.2468
2004-05-23		0.0697	0.0697	0.0697	0.2426
2004-05-24		0.0607	0.0607	0.0607	0.2383
2004-05-25		0.0514	0.0514	0.0514	0.2340
2004-05-26		0.0435	0.0435	0.0435	0.2302
2004-05-27		0.0356	0.0356	0.0356	0.2265
2004-05-28		0.0275	0.0275	0.0275	0.2226
2004-05-29		0.0195	0.0195	0.0195	0.2187
2004-05-30		0.0120	0.0120	0.0120	0.2150
2004-05-31		0.0084	0.0084	0.0084	0.2133
2004-06-01		0.0333	0.0333	0.0333	0.2260
2004-06-02		0.0415	0.0415	0.0415	0.2303
2004-06-03		0.0587	0.0587	0.0587	0.2392
2004-06-04		0.0684	0.0684	0.0684	0.2442
2004-06-05		0.0596	0.0596	0.0596	0.2401
2004-06-06		0.0521	0.0521	0.0521	0.2365
2004-06-07		0.0610	0.0610	0.0610	0.2412
2004-06-08		0.0629	0.0629	0.0629	0.2423
2004-06-09		0.0810	0.0810	0.0810	0.2516
2004-06-10		0.0726	0.0726	0.0726	0.2477
2004-06-11		0.0641	0.0641	0.0641	0.2437
2004-06-12		0.0554	0.0554	0.0554	0.2395
2004-06-13		0.0696	0.0696	0.0696	0.2468
2004-06-14		0.0766	0.0766	0.0766	0.2505
2004-06-15		0.0791	0.0791	0.0791	0.2520
2004-06-16		0.0718	0.0718	0.0718	0.2486
2004-06-17		0.0715	0.0715	0.0715	0.2487
2004-06-18		0.0628	0.0628	0.0628	0.2446
2004-06-19		0.0540	0.0540	0.0540	0.2404
2004-06-20		0.0611	0.0611	0.0611	0.2442
2004-06-21		0.1206	0.1206	0.1206	0.2746
2004-06-22		0.1551	0.1551	0.1551	0.2924
2004-06-23		0.1576	0.1576	0.1576	0.2940
2004-06-24		0.1488	0.1488	0.1488	0.2900
2004-06-25		0.2369	0.2369	0.2369	0.3352
2004-06-26		0.2470	0.2470	0.2470	0.3406
2004-06-27		0.2462	0.2462	0.2462	0.3407
2004-06-28		0.2352	0.2352	0.2352	0.3359
2004-06-29		0.2232	0.2232	0.2232	0.3306
2004-06-30		0.2195	0.2195	0.2195	0.3292
2004-07-01		0.2351	0.2351	0.2351	0.3373
2004-07-02		0.2529	0.2529	0.2529	0.3464
2004-07-03		0.2403	0.2403	0.2403	0.3408
2004-07-04		0.2281	0.2281	0.2281	0.3354
2004-07-05		0.2161	0.2161	0.2161	0.3300
2004-07-06		0.2043	0.2043	0.2043	0.3247
2004-07-07		0.2010	0.2010	0.2010	0.3234
2004-07-08		0.1980	0.1980	0.1980	0.3223
2004-07-09		0.1863	0.1863	0.1863	0.3170
2004-07-10		0.1753	0.1753	0.1753	0.3119
2004-07-11		0.1637	0.1637	0.1637	0.3066
2004-07-12		0.1525	0.1525	0.1525	0.3014
2004-07-13		0.1415	0.1415	0.1415	0.2962
2004-07-14		0.1311	0.1311	0.1311	0.2913
2004-07-15		0.1234	0.1234	0.1234	0.2877
2004-07-16		0.1217	0.1217	0.1217	0.2870
2004-07-17		0.1158	0.1158	0.1158	0.2842
2004-07-18		0.1555	0.1555	0.1555	0.3046
2004-07-19		0.1447	0.1447	0.1447	0.2995
2004-07-20		0.1337	0.1337	0.1337	0.2943
2004-07-21		0.1234	0.1234	0.1234	0.2894
2004-07-22		0.1160	0.1160	0.1160	0.2858
2004-07-23		0.1058	0.1058	0.1058	0.2809
2004-07-24		0.1028	0.1028	0.1028	0.2795
2004-07-25		0.0955	0.0955	0.0955	0.2760
2004-07-26		0.1056	0.1056	0.1056	0.2812
2004-07-27		0.1106	0.1106	0.1106	0.2839
2004-07-28		0.1133	0.1133	0.1133	0.2854
2004-07-29		0.1041	0.1041	0.1041	0.2810
2004-07-30		0.0997	0.0997	0.0997	0.2789
2004-07-31		0.0911	0.0911	0.0911	0.2747
2004-08-01		0.0828	0.0828	0.0828	0.2705
2004-08-02		0.0914	0.0914	0.0914	0.2750
2004-08-03		0.0820	0.0820	0.0820	0.2704
2004-08-04		0.0740	0.0740	0.0740	0.2664
2004-08-05		0.2750	0.2750	0.2750	0.3500
2004-08-06		0.2652	0.2652	0.2652	0.3458
2004-08-07		0.2536	0.2536	0.2536	0.3407
2004-08-08		0.2415	0.2415	0.2415	0.3354
2004-08-09		0.2343	0.2343	0.2343	0.3323
2004-08-10		0.2750	0.2750	0.2750	0.3606
2004-08-11		0.2726	0.2726	0.2726	0.3526
2004-08-12		0.2750	0.2750	0.2750	0.3531
2004-08-13		0.2678	0.2678	0.2678	0.3500
2004-08-14		0.2588	0.2588	0.2588	0.3462
2004-08-15		0.2495	0.2495	0.2495	0.3421
2004-08-16		0.2394	0.2394	0.2394	0.3376
2004-08-17		0.2336	0.2336	0.2336	0.3352
2004-08-18		0.2247	0.2247	0.2247	0.3314
2004-08-19		0.2138	0.2138	0.2138	0.3265
2004-08-20		0.2301	0.2301	0.2301	0.3348
2004-08-21		0.2551	0.2551	0.2551	0.3477
2004-08-22		0.2464	0.2464	0.2464	0.3438
2004-08-23		0.2362	0.2362	0.2362	0.3393
2004-08-24		0.2269	0.2269	0.2269	0.3352
2004-08-25		0.2170	0.2170	0.2170	0.3307
2004-08-26		0.2077	0.2077	0.2077	0.3265
2004-08-27		0.1982	0.1982	0.1982	0.3222
2004-08-28		0.1883	0.1883	0.1883	0.3177
2004-08-29		0.2201	0.2201	0.2201	0.3340
2004-08-30		0.2184	0.2184	0.2184	0.3336
2004-08-31		0.2117	0.2117	0.2117	0.3307
2004-09-01		0.2027	0.2027	0.2027	0.3266
2004-09-02		0.2233	0.2233	0.2233	0.3372
2004-09-03		0.2141	0.2141	0.2141	0.3329
2004-09-04		0.2072	0.2072	0.2072	0.3299
2004-09-05		0.2115	0.2115	0.2115	0.3321
2004-09-06		0.2750	0.2750	0.2750	0.3771
2004-09-07		0.2750	0.2750	0.2750	0.3585
2004-09-08		0.2659	0.2659	0.2659	0.3512
2004-09-09		0.2590	0.2590	0.2590	0.3481
2004-09-10		0.2516	0.2516	0.2516	0.3449
2004-09-11		0.2490	0.2490	0.2490	0.3439
2004-09-12		0.2439	0.2439	0.2439	0.3417
2004-09-13		0.2424	0.2424	0.2424	0.3412
2004-09-14		0.2430	0.2430	0.2430	0.3418
2004-09-15		0.2371	0.2371	0.2371	0.3391
2004-09-16		0.2731	0.2731	0.2731	0.3520
2004-09-17		0.2728	0.2728	0.2728	0.3506
2004-09-18		0.2651	0.2651	0.2651	0.3472
2004-09-19		0.2578	0.2578	0.2578	0.3440
2004-09-20		0.2499	0.2499	0.2499	0.3405
2004-09-21		0.2415	0.2415	0.2415	0.3368
2004-09-22		0.2323	0.2323	0.2323	0.3328
2004-09-23		0.2242	0.2242	0.2242	0.3292
2004-09-24		0.2177	0.2177	0.2177	0.3263
2004-09-25		0.2131	0.2131	0.2131	0.3243
2004-09-26		0.2244	0.2244	0.2244	0.3300
2004-09-27		0.2750	0.2750	0.2750	0.3778
2004-09-28		0.2664	0.2664	0.2664	0.3562
2004-09-29		0.2585	0.2585	0.2585	0.3507
2004-09-30		0.2494	0.2494	0.2494	0.3467
2004-10-01		0.2406	0.2406	0.2406	0.3427
2004-10-02		0.2325	0.2325	0.2325	0.3391
2004-10-03		0.2244	0.2244	0.2244	0.3354
2004-10-04		0.2166	0.2166	0.2166	0.3319
2004-10-05		0.2090	0.2090	0.2090	0.3284
2004-10-06		0.2031	0.2031	0.2031	0.3258
2004-10-07		0.1964	0.1964	0.1964	0.3227
2004-10-08		0.1915	0.1915	0.1915	0.3205
2004-10-09		0.1868	0.1868	0.1868	0.3183
2004-10-10		0.1883	0.1883	0.1883	0.3192
2004-10-11		0.1847	0.1847	0.1847	0.3176
2004-10-12		0.1812	0.1812	0.1812	0.3161
2004-10-13		0.1765	0.1765	0.1765	0.3139
2004-10-14		0.1840	0.1840	0.1840	0.3177
2004-10-15		0.2038	0.2038	0.2038	0.3279
2004-10-16		0.1968	0.1968	0.1968	0.3247
2004-10-17		0.1911	0.1911	0.1911	0.3220
2004-10-18		0.1854	0.1854	0.1854	0.3194
2004-10-19		0.1864	0.1864	0.1864	0.3201
2004-10-20		0.1815	0.1815	0.1815	0.3179
2004-10-21		0.1777	0.1777	0.1777	0.3161
2004-10-22		0.1726	0.1726	0.1726	0.3137
2004-10-23		0.1681	0.1681	0.1681	0.3116
2004-10-24		0.1634	0.1634	0.1634	0.3094
2004-10-25		0.1579	0.1579	0.1579	0.3069
2004-10-26		0.1524	0.1524	0.1524	0.3042
2004-10-27		0.1465	0.1465	0.1465	0.3015
2004-10-28		0.1419	0.1419	0.1419	0.2993
2004-10-29		0.1370	0.1370	0.1370	0.2970
2004-10-30		0.1319	0.1319	0.1319	0.2945
2004-10-31		0.1267	0.1267	0.1267	0.2920
2004-11-01		0.1224	0.1224	0.1224	0.2899
2004-11-02		0.1174	0.1174	0.1174	0.2875
2004-11-03		0.1128	0.1128	0.1128	0.2853
2004-11-04		0.1152	0.1152	0.1152	0.2866
2004-11-05		0.1108	0.1108	0.1108	0.2845
2004-11-06		0.1063	0.1063	0.1063	0.2823
2004-11-07		0.1021	0.1021	0.1021	0.2802
2004-11-08		0.0989	0.0989	0.0989	0.2786
2004-11-09		0.0952	0.0952	0.0952	0.2768
2004-11-10		0.0921	0.0921	0.0921	0.2753
2004-11-11		0.0887	0.0887	0.0887	0.2736
2004-11-12		0.1058	0.1058	0.1058	0.2824
2004-11-13		0.1043	0.1043	0.1043	0.2817
2004-11-14		0.1012	0.1012	0.1012	0.2801
2004-11-15		0.0975	0.0975	0.0975	0.2783
2004-11-16		0.0937	0.0937	0.0937	0.2765
2004-11-17		0.0899	0.0899	0.0899	0.2746
2004-11-18		0.0868	0.0868	0.0868	0.2730
2004-11-19		0.0891	0.0891	0.0891	0.2742
2004-11-20		0.1015	0.1015	0.1015	0.2806
2004-11-21		0.1467	0.1467	0.1467	0.3037
2004-11-22		0.1950	0.1950	0.1950	0.3285
2004-11-23		0.2116	0.2116	0.2116	0.3370
2004-11-24		0.2750	0.2750	0.2750	0.3586
2004-11-25		0.2717	0.2717	0.2717	0.3519
2004-11-26		0.2677	0.2677	0.2677	0.3500
2004-11-27		0.2750	0.2750	0.2750	0.3549
2004-11-28		0.2705	0.2705	0.2705	0.3508
2004-11-29		0.2658	0.2658	0.2658	0.3487
2004-11-30		0.2619	0.2619	0.2619	0.3470
2004-12-01		0.2592	0.2592	0.2592	0.3458
2004-12-02		0.2554	0.2554	0.2554	0.3442
2004-12-03		0.2516	0.2516	0.2516	0.3425
2004-12-04		0.2480	0.2480	0.2480	0.3409
2004-12-05		0.2484	0.2484	0.2484	0.3413
2004-12-06		0.2446	0.2446	0.2446	0.3396
2004-12-07		0.2427	0.2427	0.2427	0.3388
2004-12-08		0.2395	0.2395	0.2395	0.3374
2004-12-09		0.2433	0.2433	0.2433	0.3394
2004-12-10		0.2750	0.2750	0.2750	0.3590
2004-12-11		0.2716	0.2716	0.2716	0.3519
2004-12-12		0.2677	0.2677	0.2677	0.3500
2004-12-13		0.2656	0.2656	0.2656	0.3491
2004-12-14		0.2631	0.2631	0.2631	0.3479
2004-12-15		0.2596	0.2596	0.2596	0.3463
2004-12-16		0.2559	0.2559	0.2559	0.3446
2004-12-17		0.2522	0.2522	0.2522	0.3429
2004-12-18		0.2489	0.2489	0.2489	0.3414
2004-12-19		0.2467	0.2467	0.2467	0.3404
2004-12-20		0.2429	0.2429	0.2429	0.3386
2004-12-21		0.2389	0.2389	0.2389	0.3368
2004-12-22		0.2368	0.2368	0.2368	0.3359
2004-12-23		0.2628	0.2628	0.2628	0.3497
2004-12-24		0.2636	0.2636	0.2636	0.3501
2004-12-25		0.2750	0.2750	0.2750	0.3522
2004-12-26		0.2750	0.2750	0.2750	0.3597
2004-12-27		0.2709	0.2709	0.2709	0.3521
2004-12-28		0.2661	0.2661	0.2661	0.3500
2004-12-29		0.2613	0.2613	0.2613	0.3478
2004-12-30		0.2569	0.2569	0.2569	0.3459
2004-12-31		0.2523	0.2523	0.2523	0.3438
2005-01-01		0.2471	0.2471	0.2471	0.3415
2005-01-02		0.2419	0.2419	0.2419	0.3392
2005-01-03		0.2369	0.2369	0.2369	0.3369
2005-01-04		0.2318	0.2318	0.2318	0.3347
2005-01-05		0.2270	0.2270	0.2270	0.3325
2005-01-06		0.2226	0.2226	0.2226	0.3305
2005-01-07		0.2188	0.2188	0.2188	0.3288
2005-01-08		0.2179	0.2179	0.2179	0.3285
2005-01-09		0.2151	0.2151	0.2151	0.3272
2005-01-10		0.2106	0.2106	0.2106	0.3252
2005-01-11		0.2062	0.2062	0.2062	0.3231
2005-01-12		0.2014	0.2014	0.2014	0.3210
2005-01-13		0.2484	0.2484	0.2484	0.3455
2005-01-14		0.2631	0.2631	0.2631	0.3508
2005-01-15		0.2603	0.2603	0.2603	0.3496
2005-01-16		0.2568	0.2568	0.2568	0.3480
2005-01-17		0.2543	0.2543	0.2543	0.3469
2005-01-18		0.2517	0.2517	0.2517	0.3457
2005-01-19		0.2482	0.2482	0.2482	0.3441
2005-01-20		0.2441	0.2441	0.2441	0.3423
2005-01-21		0.2389	0.2389	0.2389	0.3400
2005-01-22		0.2342	0.2342	0.2342	0.3378
2005-01-23		0.2312	0.2312	0.2312	0.3364
2005-01-24		0.2277	0.2277	0.2277	0.3349
2005-01-25		0.2234	0.2234	0.2234	0.3329
2005-01-26		0.2187	0.2187	0.2187	0.3307
2005-01-27		0.2150	0.2150	0.2150	0.3291
2005-01-28		0.2185	0.2185	0.2185	0.3309
2005-01-29		0.2706	0.2706	0.2706	0.3521
2005-01-30		0.2672	0.2672	0.2672	0.3502
2005-01-31		0.2638	0.2638	0.2638	0.3487
2005-02-01		0.2619	0.2619	0.2619	0.3478
2005-02-02		0.2750	0.2750	0.2750	0.3515
2005-02-03		0.2750	0.2750	0.2750	0.3550
2005-02-04		0.2705	0.2705	0.2705	0.3508
2005-02-05		0.2654	0.2654	0.2654	0.3486
2005-02-06		0.2596	0.2596	0.2596	0.3461
2005-02-07		0.2537	0.2537	0.2537	0.3436
2005-02-08		0.2467	0.2467	0.2467	0.3405
2005-02-09		0.2750	0.2750	0.2750	0.3558
2005-02-10		0.2698	0.2698	0.2698	0.3509
2005-02-11		0.2649	0.2649	0.2649	0.3489
2005-02-12		0.2583	0.2583	0.2583	0.3461
2005-02-13		0.2515	0.2515	0.2515	0.3432
2005-02-14		0.2466	0.2466	0.2466	0.3412
2005-02-15		0.2420	0.2420	0.2420	0.3392
2005-02-16		0.2362	0.2362	0.2362	0.3367
2005-02-17		0.2310	0.2310	0.2310	0.3345
2005-02-18		0.2261	0.2261	0.2261	0.3323
2005-02-19		0.2199	0.2199	0.2199	0.3297
2005-02-20		0.2129	0.2129	0.2129	0.3266
2005-02-21		0.2062	0.2062	0.2062	0.3236
2005-02-22		0.2213	0.2213	0.2213	0.3312
2005-02-23		0.2192	0.2192	0.2192	0.3305
2005-02-24		0.2160	0.2160	0.2160	0.3291
2005-02-25		0.2179	0.2179	0.2179	0.3302
2005-02-26		0.2126	0.2126	0.2126	0.3279
2005-02-27		0.2750	0.2750	0.2750	0.3577
2005-02-28		0.2690	0.2690	0.2690	0.3513
2005-03-01		0.2635	0.2635	0.2635	0.3490
2005-03-02		0.2582	0.2582	0.2582	0.3468
2005-03-03		0.2538	0.2538	0.2538	0.3450
2005-03-04		0.2464	0.2464	0.2464	0.3419
2005-03-05		0.2379	0.2379	0.2379	0.3383
2005-03-06		0.2300	0.2300	0.2300	0.3350
2005-03-07		0.2373	0.2373	0.2373	0.3387
2005-03-08		0.2393	0.2393	0.2393	0.3399
2005-03-09		0.2348	0.2348	0.2348	0.3380
2005-03-10		0.2280	0.2280	0.2280	0.3351
2005-03-11		0.2212	0.2212	0.2212	0.3321
2005-03-12		0.2119	0.2119	0.2119	0.3281
2005-03-13		0.2021	0.2021	0.2021	0.3239
2005-03-14		0.1938	0.1938	0.1938	0.3202
2005-03-15		0.1922	0.1922	0.1922	0.3196
2005-03-16		0.2750	0.2750	0.2750	0.3537
2005-03-17		0.2750	0.2750	0.2750	0.3511
2005-03-18		0.2706	0.2706	0.2706	0.3493
2005-03-19		0.2618	0.2618	0.2618	0.3457
2005-03-20		0.2519	0.2519	0.2519	0.3415
2005-03-21		0.2430	0.2430	0.2430	0.3378
2005-03-22		0.2750	0.2750	0.2750	0.3630
2005-03-23		0.2663	0.2663	0.2663	0.3525
2005-03-24		0.2543	0.2543	0.2543	0.3477
2005-03-25		0.2731	0.2731	0.2731	0.3517
2005-03-26		0.2750	0.2750	0.2750	0.3605
2005-03-27		0.2750	0.2750	0.2750	0.3757
2005-03-28		0.2642	0.2642	0.2642	0.3557
2005-03-29		0.2464	0.2464	0.2464	0.3499
2005-03-30		0.2287	0.2287	0.2287	0.3439
2005-03-31		0.2750	0.2750	0.2750	0.3584
2005-04-01		0.2750	0.2750	0.2750	0.3667
2005-04-02		0.2652	0.2652	0.2652	0.3537
2005-04-03		0.2451	0.2451	0.2451	0.3480
2005-04-04		0.2222	0.2222	0.2222	0.3414
2005-04-05		0.2000	0.2000	0.2000	0.3348
2005-04-06		0.1814	0.1814	0.1814	0.3291
2005-04-07		0.2750	0.2750	0.2750	0.3614
2005-04-08		0.2563	0.2563	0.2563	0.3516
2005-04-09		0.2354	0.2354	0.2354	0.3460
2005-04-10		0.2129	0.2129	0.2129	0.3397
2005-04-11		0.1904	0.1904	0.1904	0.3333
2005-04-12		0.1872	0.1872	0.1872	0.3325
2005-04-13		0.1729	0.1729	0.1729	0.3283
2005-04-14		0.1592	0.1592	0.1592	0.3241
2005-04-15		0.1409	0.1409	0.1409	0.3183
2005-04-16		0.1258	0.1258	0.1258	0.3134
2005-04-17		0.1086	0.1086	0.1086	0.3077
2005-04-18		0.0889	0.0889	0.0889	0.3009
2005-04-19		0.0710	0.0710	0.0710	0.2945
2005-04-20		0.0550	0.0550	0.0550	0.2886
2005-04-21		0.0394	0.0394	0.0394	0.2825
2005-04-22		0.1908	0.1908	0.1908	0.3267
2005-04-23		0.1978	0.1978	0.1978	0.3294
2005-04-24		0.1848	0.1848	0.1848	0.3252
2005-04-25		0.1719	0.1719	0.1719	0.3211
2005-04-26		0.1990	0.1990	0.1990	0.3308
2005-04-27		0.1820	0.1820	0.1820	0.3253
2005-04-28		0.1630	0.1630	0.1630	0.3190
2005-04-29		0.1431	0.1431	0.1431	0.3122
2005-04-30		0.2750	0.2750	0.2750	0.3527
2005-05-01		0.2565	0.2565	0.2565	0.3471
2005-05-02		0.2365	0.2365	0.2365	0.3409
2005-05-03		0.2161	0.2161	0.2161	0.3345
2005-05-04		0.2084	0.2084	0.2084	0.3323
2005-05-05		0.2337	0.2337	0.2337	0.3415
2005-05-06		0.2156	0.2156	0.2156	0.3357
2005-05-07		0.1955	0.1955	0.1955	0.3291
2005-05-08		0.1750	0.1750	0.1750	0.3221
2005-05-09		0.1558	0.1558	0.1558	0.3155
2005-05-10		0.1381	0.1381	0.1381	0.3091
2005-05-11		0.1211	0.1211	0.1211	0.3029
2005-05-12		0.1033	0.1033	0.1033	0.2961
2005-05-13		0.0870	0.0870	0.0870	0.2897
2005-05-14		0.0719	0.0719	0.0719	0.2836
2005-05-15		0.0576	0.0576	0.0576	0.2777
2005-05-16		0.0448	0.0448	0.0448	0.2722
2005-05-17		0.0313	0.0313	0.0313	0.2663
2005-05-18		0.0189	0.0189	0.0189	0.2606
2005-05-19		0.0341	0.0341	0.0341	0.2667
2005-05-20		0.0797	0.0797	0.0797	0.2857
2005-05-21		0.0716	0.0716	0.0716	0.2822
2005-05-22		0.0586	0.0586	0.0586	0.2766
2005-05-23		0.0454	0.0454	0.0454	0.2707
2005-05-24		0.0326	0.0326	0.0326	0.2648
2005-05-25		0.0230	0.0230	0.0230	0.2603
2005-05-26		0.0123	0.0123	0.0123	0.2551
2005-05-27		0.2750	0.2750	0.2750	0.3500
2005-05-28		0.2565	0.2565	0.2565	0.3429
2005-05-29		0.2496	0.2496	0.2496	0.3406
2005-05-30		0.2368	0.2368	0.2368	0.3355
2005-05-31		0.2497	0.2497	0.2497	0.3417
2005-06-01		0.2750	0.2750	0.2750	0.3599
2005-06-02		0.2750	0.2750	0.2750	0.3539
2005-06-03		0.2750	0.2750	0.2750	0.3574
2005-06-04		0.2644	0.2644	0.2644	0.3509
2005-06-05		0.2684	0.2684	0.2684	0.3508
2005-06-06		0.2750	0.2750	0.2750	0.3521
2005-06-07		0.2587	0.2587	0.2587	0.3458
2005-06-08		0.2750	0.2750	0.2750	0.3608
2005-06-09		0.2598	0.2598	0.2598	0.3513
2005-06-10		0.2750	0.2750	0.2750	0.3525
2005-06-11		0.2750	0.2750	0.2750	0.3576
2005-06-12		0.2750	0.2750	0.2750	0.3537
2005-06-13		0.2750	0.2750	0.2750	0.3512
2005-06-14		0.2547	0.2547	0.2547	0.3438
2005-06-15		0.2359	0.2359	0.2359	0.3368
2005-06-16		0.2189	0.2189	0.2189	0.3304
2005-06-17		0.2018	0.2018	0.2018	0.3238
2005-06-18		0.1891	0.1891	0.1891	0.3189
2005-06-19		0.1744	0.1744	0.1744	0.3130
2005-06-20		0.1607	0.1607	0.1607	0.3075
2005-06-21		0.1461	0.1461	0.1461	0.3015
2005-06-22		0.1320	0.1320	0.1320	0.2956
2005-06-23		0.1175	0.1175	0.1175	0.2893
2005-06-24		0.1051	0.1051	0.1051	0.2839
2005-06-25		0.2750	0.2750	0.2750	0.3500
2005-06-26		0.2638	0.2638	0.2638	0.3455
2005-06-27		0.2496	0.2496	0.2496	0.3398
2005-06-28		0.2527	0.2527	0.2527	0.3416
2005-06-29		0.2646	0.2646	0.2646	0.3476
2005-06-30		0.2522	0.2522	0.2522	0.3425
2005-07-01		0.2750	0.2750	0.2750	0.3615
2005-07-02		0.2729	0.2729	0.2729	0.3529
2005-07-03		0.2576	0.2576	0.2576	0.3465
2005-07-04		0.2461	0.2461	0.2461	0.3418
2005-07-05		0.2368	0.2368	0.2368	0.3380
2005-07-06		0.2270	0.2270	0.2270	0.3339
2005-07-07		0.2168	0.2168	0.2168	0.3295
2005-07-08		0.2035	0.2035	0.2035	0.3237
2005-07-09		0.1971	0.1971	0.1971	0.3211
2005-07-10		0.2750	0.2750	0.2750	0.3752
2005-07-11		0.2644	0.2644	0.2644	0.3555
2005-07-12		0.2691	0.2691	0.2691	0.3521
2005-07-13		0.2750	0.2750	0.2750	0.3516
2005-07-14		0.2592	0.2592	0.2592	0.3455
2005-07-15		0.2487	0.2487	0.2487	0.3415
2005-07-16		0.2362	0.2362	0.2362	0.3367
2005-07-17		0.2197	0.2197	0.2197	0.3301
2005-07-18		0.2128	0.2128	0.2128	0.3276
2005-07-19		0.2001	0.2001	0.2001	0.3224
2005-07-20		0.2091	0.2091	0.2091	0.3270
2005-07-21		0.2395	0.2395	0.2395	0.3413
2005-07-22		0.2238	0.2238	0.2238	0.3348
2005-07-23		0.2117	0.2117	0.2117	0.3298
2005-07-24		0.1976	0.1976	0.1976	0.3239
2005-07-25		0.1833	0.1833	0.1833	0.3178
2005-07-26		0.1685	0.1685	0.1685	0.3114
2005-07-27		0.1551	0.1551	0.1551	0.3054
2005-07-28		0.1422	0.1422	0.1422	0.2996
2005-07-29		0.1314	0.1314	0.1314	0.2948
2005-07-30		0.1572	0.1572	0.1572	0.3074
2005-07-31		0.1476	0.1476	0.1476	0.3031
2005-08-01		0.1458	0.1458	0.1458	0.3025
2005-08-02		0.1388	0.1388	0.1388	0.2993
2005-08-03		0.1355	0.1355	0.1355	0.2979
2005-08-04		0.1260	0.1260	0.1260	0.2934
2005-08-05		0.2274	0.2274	0.2274	0.3442
2005-08-06		0.2359	0.2359	0.2359	0.3486
2005-08-07		0.2253	0.2253	0.2253	0.3438
2005-08-08		0.2203	0.2203	0.2203	0.3418
2005-08-09		0.2097	0.2097	0.2097	0.3370
2005-08-10		0.2052	0.2052	0.2052	0.3351
2005-08-11		0.2269	0.2269	0.2269	0.3461
2005-08-12		0.2145	0.2145	0.2145	0.3405
2005-08-13		0.2043	0.2043	0.2043	0.3358
2005-08-14		0.1925	0.1925	0.1925	0.3303
2005-08-15		0.1846	0.1846	0.1846	0.3267
2005-08-16		0.1732	0.1732	0.1732	0.3213
2005-08-17		0.1647	0.1647	0.1647	0.3173
2005-08-18		0.1634	0.1634	0.1634	0.3168
2005-08-19		0.1557	0.1557	0.1557	0.3131
2005-08-20		0.1517	0.1517	0.1517	0.3113
2005-08-21		0.1412	0.1412	0.1412	0.3061
2005-08-22		0.1592	0.1592	0.1592	0.3156
2005-08-23		0.1532	0.1532	0.1532	0.3127
2005-08-24		0.1466	0.1466	0.1466	0.3095
2005-08-25		0.1396	0.1396	0.1396	0.3060
2005-08-26		0.1325	0.1325	0.1325	0.3024
2005-08-27		0.1239	0.1239	0.1239	0.2981
2005-08-28		0.2750	0.2750	0.2750	0.3500
2005-08-29		0.2694	0.2694	0.2694	0.3476
2005-08-30		0.2711	0.2711	0.2711	0.3489
2005-08-31		0.2750	0.2750	0.2750	0.3515
2005-09-01		0.2657	0.2657	0.2657	0.3474
2005-09-02		0.2556	0.2556	0.2556	0.3430
2005-09-03		0.2447	0.2447	0.2447	0.3382
2005-09-04		0.2346	0.2346	0.2346	0.3337
2005-09-05		0.2269	0.2269	0.2269	0.3303
2005-09-06		0.2192	0.2192	0.2192	0.3269
2005-09-07		0.2113	0.2113	0.2113	0.3234
2005-09-08		0.2031	0.2031	0.2031	0.3197
2005-09-09		0.1941	0.1941	0.1941	0.3157
2005-09-10		0.1844	0.1844	0.1844	0.3113
2005-09-11		0.1756	0.1756	0.1756	0.3073
2005-09-12		0.1667	0.1667	0.1667	0.3033
2005-09-13		0.1574	0.1574	0.1574	0.2990
2005-09-14		0.1486	0.1486	0.1486	0.2949
2005-09-15		0.1399	0.1399	0.1399	0.2909
2005-09-16		0.1313	0.1313	0.1313	0.2869
2005-09-17		0.1229	0.1229	0.1229	0.2829
2005-09-18		0.1143	0.1143	0.1143	0.2789
2005-09-19		0.1062	0.1062	0.1062	0.2751
2005-09-20		0.2750	0.2750	0.2750	0.3500
2005-09-21		0.2654	0.2654	0.2654	0.3458
2005-09-22		0.2569	0.2569	0.2569	0.3421
2005-09-23		0.2482	0.2482	0.2482	0.3383
2005-09-24		0.2398	0.2398	0.2398	0.3346
2005-09-25		0.2314	0.2314	0.2314	0.3309
2005-09-26		0.2298	0.2298	0.2298	0.3304
2005-09-27		0.2280	0.2280	0.2280	0.3299
2005-09-28		0.2202	0.2202	0.2202	0.3264
2005-09-29		0.2115	0.2115	0.2115	0.3225
2005-09-30		0.2067	0.2067	0.2067	0.3205
2005-10-01		0.2000	0.2000	0.2000	0.3175
2005-10-02		0.2076	0.2076	0.2076	0.3215
2005-10-03		0.2009	0.2009	0.2009	0.3185
2005-10-04		0.1952	0.1952	0.1952	0.3160
2005-10-05		0.2007	0.2007	0.2007	0.3188
2005-10-06		0.2266	0.2266	0.2266	0.3320
2005-10-07		0.2442	0.2442	0.2442	0.3411
2005-10-08		0.2402	0.2402	0.2402	0.3393
2005-10-09		0.2335	0.2335	0.2335	0.3363
2005-10-10		0.2265	0.2265	0.2265	0.3332
2005-10-11		0.2212	0.2212	0.2212	0.3308
2005-10-12		0.2156	0.2156	0.2156	0.3283
2005-10-13		0.2100	0.2100	0.2100	0.3258
2005-10-14		0.2030	0.2030	0.2030	0.3226
2005-10-15		0.1963	0.1963	0.1963	0.3196
2005-10-16		0.1894	0.1894	0.1894	0.3164
2005-10-17		0.1822	0.1822	0.1822	0.3131
2005-10-18		0.1749	0.1749	0.1749	0.3098
2005-10-19		0.1674	0.1674	0.1674	0.3064
2005-10-20		0.1603	0.1603	0.1603	0.3031
2005-10-21		0.1541	0.1541	0.1541	0.3002
2005-10-22		0.1483	0.1483	0.1483	0.2975
2005-10-23		0.1439	0.1439	0.1439	0.2955
2005-10-24		0.1401	0.1401	0.1401	0.2937
2005-10-25		0.1365	0.1365	0.1365	0.2920
2005-10-26		0.1322	0.1322	0.1322	0.2899
2005-10-27		0.1274	0.1274	0.1274	0.2877
2005-10-28		0.1229	0.1229	0.1229	0.2856
2005-10-29		0.1189	0.1189	0.1189	0.2836
2005-10-30		0.1143	0.1143	0.1143	0.2814
2005-10-31		0.1093	0.1093	0.1093	0.2791
2005-11-01		0.1134	0.1134	0.1134	0.2812
2005-11-02		0.1098	0.1098	0.1098	0.2795
2005-11-03		0.1052	0.1052	0.1052	0.2773
2005-11-04		0.1006	0.1006	0.1006	0.2751
2005-11-05		0.0959	0.0959	0.0959	0.2728
2005-11-06		0.0912	0.0912	0.0912	0.2705
2005-11-07		0.0867	0.0867	0.0867	0.2683
2005-11-08		0.0818	0.0818	0.0818	0.2659
2005-11-09		0.0772	0.0772	0.0772	0.2637
2005-11-10		0.0732	0.0732	0.0732	0.2617
2005-11-11		0.0699	0.0699	0.0699	0.2601
2005-11-12		0.0659	0.0659	0.0659	0.2581
2005-11-13		0.0618	0.0618	0.0618	0.2560
2005-11-14		0.0578	0.0578	0.0578	0.2541
2005-11-15		0.0540	0.0540	0.0540	0.2521
2005-11-16		0.0500	0.0500	0.0500	0.2501
2005-11-17		0.0477	0.0477	0.0477	0.2489
2005-11-18		0.0454	0.0454	0.0454	0.2478
2005-11-19		0.0424	0.0424	0.0424	0.2463
2005-11-20		0.0667	0.0667	0.0667	0.2587
2005-11-21		0.1176	0.1176	0.1176	0.2848
2005-11-22		0.1149	0.1149	0.1149	0.2835
2005-11-23		0.1119	0.1119	0.1119	0.2821
2005-11-24		0.1085	0.1085	0.1085	0.2804
2005-11-25		0.1054	0.1054	0.1054	0.2789
2005-11-26		0.1025	0.1025	0.1025	0.2775
2005-11-27		0.0996	0.0996	0.0996	0.2761
2005-11-28		0.1041	0.1041	0.1041	0.2784
2005-11-29		0.1217	0.1217	0.1217	0.2874
2005-11-30		0.1190	0.1190	0.1190	0.2861
2005-12-01		0.1159	0.1159	0.1159	0.2847
2005-12-02		0.1133	0.1133	0.1133	0.2834
2005-12-03		0.1101	0.1101	0.1101	0.2818
2005-12-04		0.1828	0.1828	0.1828	0.3191
2005-12-05		0.2750	0.2750	0.2750	0.3575
2005-12-06		0.2717	0.2717	0.2717	0.3516
2005-12-07		0.2688	0.2688	0.2688	0.3501
2005-12-08		0.2750	0.2750	0.2750	0.3570
2005-12-09		0.2740	0.2740	0.2740	0.3518
2005-12-10		0.2702	0.2702	0.2702	0.3500
2005-12-11		0.2671	0.2671	0.2671	0.3487
2005-12-12		0.2630	0.2630	0.2630	0.3469
2005-12-13		0.2599	0.2599	0.2599	0.3455
2005-12-14		0.2567	0.2567	0.2567	0.3441
2005-12-15		0.2750	0.2750	0.2750	0.3532
2005-12-16		0.2719	0.2719	0.2719	0.3505
2005-12-17		0.2750	0.2750	0.2750	0.3548
2005-12-18		0.2750	0.2750	0.2750	0.3538
2005-12-19		0.2721	0.2721	0.2721	0.3506
2005-12-20		0.2695	0.2695	0.2695	0.3495
2005-12-21		0.2668	0.2668	0.2668	0.3484
2005-12-22		0.2636	0.2636	0.2636	0.3470
2005-12-23		0.2600	0.2600	0.2600	0.3454
2005-12-24		0.2565	0.2565	0.2565	0.3439
2005-12-25		0.2750	0.2750	0.2750	0.3596
2005-12-26		0.2722	0.2722	0.2722	0.3522
2005-12-27		0.2681	0.2681	0.2681	0.3501
2005-12-28		0.2679	0.2679	0.2679	0.3500
2005-12-29		0.2646	0.2646	0.2646	0.3486
2005-12-30		0.2605	0.2605	0.2605	0.3468
2005-12-31		0.2562	0.2562	0.2562	0.3449
2006-01-01		0.2687	0.2687	0.2687	0.3504
2006-01-02		0.2750	0.2750	0.2750	0.3648
2006-01-03		0.2712	0.2712	0.2712	0.3534
2006-01-04		0.2669	0.2669	0.2669	0.3504
2006-01-05		0.2623	0.2623	0.2623	0.3483
2006-01-06		0.2599	0.2599	0.2599	0.3472
2006-01-07		0.2570	0.2570	0.2570	0.3459
2006-01-08		0.2526	0.2526	0.2526	0.3439
2006-01-09		0.2482	0.2482	0.2482	0.3419
2006-01-10		0.2437	0.2437	0.2437	0.3398
2006-01-11		0.2393	0.2393	0.2393	0.3378
2006-01-12		0.2353	0.2353	0.2353	0.3360
2006-01-13		0.2552	0.2552	0.2552	0.3464
2006-01-14		0.2527	0.2527	0.2527	0.3453
2006-01-15		0.2490	0.2490	0.2490	0.3437
2006-01-16		0.2449	0.2449	0.2449	0.3418
2006-01-17		0.2750	0.2750	0.2750	0.3529
2006-01-18		0.2718	0.2718	0.2718	0.3504
2006-01-19		0.2676	0.2676	0.2676	0.3485
2006-01-20		0.2624	0.2624	0.2624	0.3461
2006-01-21		0.2577	0.2577	0.2577	0.3439
2006-01-22		0.2530	0.2530	0.2530	0.3418
2006-01-23		0.2659	0.2659	0.2659	0.3487
2006-01-24		0.2646	0.2646	0.2646	0.3482
2006-01-25		0.2611	0.2611	0.2611	0.3466
2006-01-26		0.2572	0.2572	0.2572	0.3448
2006-01-27		0.2533	0.2533	0.2533	0.3431
2006-01-28		0.2486	0.2486	0.2486	0.3409
2006-01-29		0.2514	0.2514	0.2514	0.3424
2006-01-30		0.2750	0.2750	0.2750	0.3549
2006-01-31		0.2707	0.2707	0.2707	0.3508
2006-02-01		0.2657	0.2657	0.2657	0.3485
2006-02-02		0.2750	0.2750	0.2750	0.3606
2006-02-03		0.2711	0.2711	0.2711	0.3523
2006-02-04		0.2750	0.2750	0.2750	0.3519
2006-02-05		0.2710	0.2710	0.2710	0.3500
2006-02-06		0.2651	0.2651	0.2651	0.3475
2006-02-07		0.2664	0.2664	0.2664	0.3483
2006-02-08		0.2617	0.2617	0.2617	0.3463
2006-02-09		0.2576	0.2576	0.2576	0.3445
2006-02-10		0.2528	0.2528	0.2528	0.3424
2006-02-11		0.2750	0.2750	0.2750	0.3535
2006-02-12		0.2718	0.2718	0.2718	0.3506
2006-02-13		0.2681	0.2681	0.2681	0.3490
2006-02-14		0.2627	0.2627	0.2627	0.3467
2006-02-15		0.2560	0.2560	0.2560	0.3438
2006-02-16		0.2486	0.2486	0.2486	0.3407
2006-02-17		0.2408	0.2408	0.2408	0.3373
2006-02-18		0.2488	0.2488	0.2488	0.3414
2006-02-19		0.2449	0.2449	0.2449	0.3397
2006-02-20		0.2419	0.2419	0.2419	0.3384
2006-02-21		0.2589	0.2589	0.2589	0.3470
2006-02-22		0.2521	0.2521	0.2521	0.3441
2006-02-23		0.2521	0.2521	0.2521	0.3443
2006-02-24		0.2462	0.2462	0.2462	0.3417
2006-02-25		0.2750	0.2750	0.2750	0.3645
2006-02-26		0.2750	0.2750	0.2750	0.3541
2006-02-27		0.2676	0.2676	0.2676	0.3503
2006-02-28		0.2589	0.2589	0.2589	0.3468
2006-03-01		0.2498	0.2498	0.2498	0.3431
2006-03-02		0.2411	0.2411	0.2411	0.3396
2006-03-03		0.2330	0.2330	0.2330	0.3363
2006-03-04		0.2259	0.2259	0.2259	0.3334
2006-03-05		0.2169	0.2169	0.2169	0.3296
2006-03-06		0.2113	0.2113	0.2113	0.3274
2006-03-07		0.2048	0.2048	0.2048	0.3247
2006-03-08		0.1968	0.1968	0.1968	0.3213
2006-03-09		0.1879	0.1879	0.1879	0.3175
2006-03-10		0.1807	0.1807	0.1807	0.3144
2006-03-11		0.1716	0.1716	0.1716	0.3105
2006-03-12		0.1618	0.1618	0.1618	0.3062
2006-03-13		0.1531	0.1531	0.1531	0.3024
2006-03-14		0.1643	0.1643	0.1643	0.3078
2006-03-15		0.1572	0.1572	0.1572	0.3047
2006-03-16		0.1495	0.1495	0.1495	0.3013
2006-03-17		0.1408	0.1408	0.1408	0.2974
2006-03-18		0.1346	0.1346	0.1346	0.2946
2006-03-19		0.1285	0.1285	0.1285	0.2918
2006-03-20		0.1201	0.1201	0.1201	0.2879
2006-03-21		0.1553	0.1553	0.1553	0.3053
2006-03-22		0.1494	0.1494	0.1494	0.3026
2006-03-23		0.1464	0.1464	0.1464	0.3013
2006-03-24		0.1410	0.1410	0.1410	0.2988
2006-03-25		0.1350	0.1350	0.1350	0.2960
2006-03-26		0.1292	0.1292	0.1292	0.2934
2006-03-27		0.1219	0.1219	0.1219	0.2900
2006-03-28		0.1136	0.1136	0.1136	0.2860
2006-03-29		0.1059	0.1059	0.1059	0.2824
2006-03-30		0.0975	0.0975	0.0975	0.2784
2006-03-31		0.0894	0.0894	0.0894	0.2745
2006-04-01		0.0820	0.0820	0.0820	0.2708
2006-04-02		0.0741	0.0741	0.0741	0.2669
2006-04-03		0.0664	0.0664	0.0664	0.2631
2006-04-04		0.0597	0.0597	0.0597	0.2597
2006-04-05		0.0522	0.0522	0.0522	0.2559
2006-04-06		0.0441	0.0441	0.0441	0.2518
2006-04-07		0.0363	0.0363	0.0363	0.2477
2006-04-08		0.0941	0.0941	0.0941	0.2775
2006-04-09		0.0883	0.0883	0.0883	0.2746
2006-04-10		0.0816	0.0816	0.0816	0.2713
2006-04-11		0.0742	0.0742	0.0742	0.2675
2006-04-12		0.0672	0.0672	0.0672	0.2640
2006-04-13		0.0594	0.0594	0.0594	0.2599
2006-04-14		0.0513	0.0513	0.0513	0.2557
2006-04-15		0.0437	0.0437	0.0437	0.2517
2006-04-16		0.0369	0.0369	0.0369	0.2481
2006-04-17		0.0304	0.0304	0.0304	0.2446
2006-04-18		0.0242	0.0242	0.0242	0.2412
2006-04-19		0.0214	0.0214	0.0214	0.2397
2006-04-20		0.0143	0.0143	0.0143	0.2358
2006-04-21		0.0082	0.0082	0.0082	0.2324
2006-04-22		0.0122	0.0122	0.0122	0.2345
2006-04-23		0.0054	0.0054	0.0054	0.2306
2006-04-24		0.0000	0.0000	0.0000	0.2271
2006-04-25		0.0000	0.0000	0.0000	0.2237
2006-04-26		0.0100	0.0100	0.0100	0.2281
2006-04-27		0.0052	0.0052	0.0052	0.2255
2006-04-28		0.0000	0.0000	0.0000	0.2223
2006-04-29		0.0000	0.0000	0.0000	0.2194
2006-04-30		0.0000	0.0000	0.0000	0.2170
2006-05-01		0.0000	0.0000	0.0000	0.2144
2006-05-02		0.0000	0.0000	0.0000	0.2109
2006-05-03		0.0000	0.0000	0.0000	0.2074
2006-05-04		0.0000	0.0000	0.0000	0.2040
2006-05-05		0.0036	0.0036	0.0036	0.2039
2006-05-06		0.2750	0.2750	0.2750	0.3500
2006-05-07		0.2750	0.2750	0.2750	0.3596
2006-05-08		0.2660	0.2660	0.2660	0.3515
2006-05-09		0.2606	0.2606	0.2606	0.3492
2006-05-10		0.2750	0.2750	0.2750	0.3569
2006-05-11		0.2713	0.2713	0.2713	0.3514
2006-05-12		0.2617	0.2617	0.2617	0.3472
2006-05-13		0.2512	0.2512	0.2512	0.3426
2006-05-14		0.2430	0.2430	0.2430	0.3390
2006-05-15		0.2328	0.2328	0.2328	0.3345
2006-05-16		0.2237	0.2237	0.2237	0.3305
2006-05-17		0.2140	0.2140	0.2140	0.3261
2006-05-18		0.2032	0.2032	0.2032	0.3213
2006-05-19		0.1921	0.1921	0.1921	0.3163
2006-05-20		0.1809	0.1809	0.1809	0.3112
2006-05-21		0.1697	0.1697	0.1697	0.3060
2006-05-22		0.1584	0.1584	0.1584	0.3009
2006-05-23		0.1473	0.1473	0.1473	0.2957
2006-05-24		0.1366	0.1366	0.1366	0.2907
2006-05-25		0.1281	0.1281	0.1281	0.2868
2006-05-26		0.1190	0.1190	0.1190	0.2825
2006-05-27		0.1092	0.1092	0.1092	0.2779
2006-05-28		0.1018	0.1018	0.1018	0.2744
2006-05-29		0.0930	0.0930	0.0930	0.2702
2006-05-30		0.0834	0.0834	0.0834	0.2655
2006-05-31		0.0744	0.0744	0.0744	0.2611
2006-06-01		0.0874	0.0874	0.0874	0.2678
2006-06-02		0.1097	0.1097	0.1097	0.2792
2006-06-03		0.1017	0.1017	0.1017	0.2754
2006-06-04		0.0924	0.0924	0.0924	0.2709
2006-06-05		0.0839	0.0839	0.0839	0.2668
2006-06-06		0.0755	0.0755	0.0755	0.2626
2006-06-07		0.0659	0.0659	0.0659	0.2579
2006-06-08		0.0569	0.0569	0.0569	0.2534
2006-06-09		0.0481	0.0481	0.0481	0.2490
2006-06-10		0.2750	0.2750	0.2750	0.3500
2006-06-11		0.2618	0.2618	0.2618	0.3443
2006-06-12		0.2520	0.2520	0.2520	0.3400
2006-06-13		0.2750	0.2750	0.2750	0.3593
2006-06-14		0.2641	0.2641	0.2641	0.3512
2006-06-15		0.2511	0.2511	0.2511	0.3455
2006-06-16		0.2395	0.2395	0.2395	0.3403
2006-06-17		0.2279	0.2279	0.2279	0.3351
2006-06-18		0.2164	0.2164	0.2164	0.3299
2006-06-19		0.2045	0.2045	0.2045	0.3246
2006-06-20		0.1918	0.1918	0.1918	0.3188
2006-06-21		0.1794	0.1794	0.1794	0.3131
2006-06-22		0.1673	0.1673	0.1673	0.3075
2006-06-23		0.1560	0.1560	0.1560	0.3023
2006-06-24		0.1452	0.1452	0.1452	0.2973
2006-06-25		0.2267	0.2267	0.2267	0.3391
2006-06-26		0.2750	0.2750	0.2750	0.3538
2006-06-27		0.2625	0.2625	0.2625	0.3483
2006-06-28		0.2710	0.2710	0.2710	0.3508
2006-06-29		0.2577	0.2577	0.2577	0.3449
2006-06-30		0.2432	0.2432	0.2432	0.3386
2006-07-01		0.2297	0.2297	0.2297	0.3326
2006-07-02		0.2171	0.2171	0.2171	0.3270
2006-07-03		0.2044	0.2044	0.2044	0.3213
2006-07-04		0.1918	0.1918	0.1918	0.3156
2006-07-05		0.1799	0.1799	0.1799	0.3102
2006-07-06		0.1742	0.1742	0.1742	0.3078
2006-07-07		0.1660	0.1660	0.1660	0.3041
2006-07-08		0.1558	0.1558	0.1558	0.2994
2006-07-09		0.1448	0.1448	0.1448	0.2943
2006-07-10		0.1335	0.1335	0.1335	0.2891
2006-07-11		0.1222	0.1222	0.1222	0.2838
2006-07-12		0.1118	0.1118	0.1118	0.2788
2006-07-13		0.1016	0.1016	0.1016	0.2740
2006-07-14		0.0916	0.0916	0.0916	0.2692
2006-07-15		0.0813	0.0813	0.0813	0.2642
2006-07-16		0.0888	0.0888	0.0888	0.2681
2006-07-17		0.0893	0.0893	0.0893	0.2685
2006-07-18		0.0799	0.0799	0.0799	0.2640
2006-07-19		0.2750	0.2750	0.2750	0.3500
2006-07-20		0.2618	0.2618	0.2618	0.3443
2006-07-21		0.2479	0.2479	0.2479	0.3382
2006-07-22		0.2446	0.2446	0.2446	0.3371
2006-07-23		0.2750	0.2750	0.2750	0.3508
2006-07-24		0.2750	0.2750	0.2750	0.3527
2006-07-25		0.2637	0.2637	0.2637	0.3478
2006-07-26		0.2536	0.2536	0.2536	0.3434
2006-07-27		0.2394	0.2394	0.2394	0.3371
2006-07-28		0.2257	0.2257	0.2257	0.3310
2006-07-29		0.2285	0.2285	0.2285	0.3329
2006-07-30		0.2210	0.2210	0.2210	0.3296
2006-07-31		0.2099	0.2099	0.2099	0.3246
2006-08-01		0.1990	0.1990	0.1990	0.3197
2006-08-02		0.1924	0.1924	0.1924	0.3169
2006-08-03		0.1849	0.1849	0.1849	0.3136
2006-08-04		0.2148	0.2148	0.2148	0.3289
2006-08-05		0.2037	0.2037	0.2037	0.3239
2006-08-06		0.1924	0.1924	0.1924	0.3187
2006-08-07		0.2012	0.2012	0.2012	0.3235
2006-08-08		0.1896	0.1896	0.1896	0.3182
2006-08-09		0.1795	0.1795	0.1795	0.3136
2006-08-10		0.1702	0.1702	0.1702	0.3093
2006-08-11		0.1731	0.1731	0.1731	0.3110
2006-08-12		0.1689	0.1689	0.1689	0.3092
2006-08-13		0.1610	0.1610	0.1610	0.3055
2006-08-14		0.1669	0.1669	0.1669	0.3087
2006-08-15		0.1566	0.1566	0.1566	0.3039
2006-08-16		0.2252	0.2252	0.2252	0.3391
2006-08-17		0.2137	0.2137	0.2137	0.3338
2006-08-18		0.2032	0.2032	0.2032	0.3290
2006-08-19		0.1929	0.1929	0.1929	0.3243
2006-08-20		0.1964	0.1964	0.1964	0.3264
2006-08-21		0.1987	0.1987	0.1987	0.3278
2006-08-22		0.1947	0.1947	0.1947	0.3262
2006-08-23		0.1849	0.1849	0.1849	0.3216
2006-08-24		0.1829	0.1829	0.1829	0.3209
2006-08-25		0.1746	0.1746	0.1746	0.3170
2006-08-26		0.1647	0.1647	0.1647	0.3124
2006-08-27		0.1554	0.1554	0.1554	0.3080
2006-08-28		0.1455	0.1455	0.1455	0.3033
2006-08-29		0.1361	0.1361	0.1361	0.2988
2006-08-30		0.1374	0.1374	0.1374	0.2996
2006-08-31		0.1623	0.1623	0.1623	0.3124
2006-09-01		0.1625	0.1625	0.1625	0.3127
2006-09-02		0.1544	0.1544	0.1544	0.3088
2006-09-03		0.1450	0.1450	0.1450	0.3044
2006-09-04		0.1358	0.1358	0.1358	0.2999
2006-09-05		0.1293	0.1293	0.1293	0.2969
2006-09-06		0.1239	0.1239	0.1239	0.2942
2006-09-07		0.1503	0.1503	0.1503	0.3078
2006-09-08		0.1432	0.1432	0.1432	0.3044
2006-09-09		0.1357	0.1357	0.1357	0.3008
2006-09-10		0.1310	0.1310	0.1310	0.2985
2006-09-11		0.1241	0.1241	0.1241	0.2952
2006-09-12		0.1240	0.1240	0.1240	0.2952
2006-09-13		0.1346	0.1346	0.1346	0.3007
2006-09-14		0.1276	0.1276	0.1276	0.2973
2006-09-15		0.1200	0.1200	0.1200	0.2936
2006-09-16		0.1124	0.1124	0.1124	0.2898
2006-09-17		0.1048	0.1048	0.1048	0.2861
2006-09-18		0.1132	0.1132	0.1132	0.2904
2006-09-19		0.1194	0.1194	0.1194	0.2936
2006-09-20		0.1130	0.1130	0.1130	0.2905
2006-09-21		0.1058	0.1058	0.1058	0.2869
2006-09-22		0.0986	0.0986	0.0986	0.2833
2006-09-23		0.0913	0.0913	0.0913	0.2797
2006-09-24		0.0957	0.0957	0.0957	0.2820
2006-09-25		0.0903	0.0903	0.0903	0.2793
2006-09-26		0.0839	0.0839	0.0839	0.2761
2006-09-27		0.0778	0.0778	0.0778	0.2730
2006-09-28		0.0711	0.0711	0.0711	0.2695
2006-09-29		0.0656	0.0656	0.0656	0.2668
2006-09-30		0.0594	0.0594	0.0594	0.2635
2006-10-01		0.0527	0.0527	0.0527	0.2601
2006-10-02		0.0466	0.0466	0.0466	0.2569
2006-10-03		0.0412	0.0412	0.0412	0.2541
2006-10-04		0.0356	0.0356	0.0356	0.2511
2006-10-05		0.0297	0.0297	0.0297	0.2480
2006-10-06		0.0240	0.0240	0.0240	0.2450
2006-10-07		0.0199	0.0199	0.0199	0.2427
2006-10-08		0.0161	0.0161	0.0161	0.2407
2006-10-09		0.0124	0.0124	0.0124	0.2387
2006-10-10		0.0079	0.0079	0.0079	0.2363
2006-10-11		0.0033	0.0033	0.0033	0.2337
2006-10-12		0.0000	0.0000	0.0000	0.2312
2006-10-13		0.0000	0.0000	0.0000	0.2293
2006-10-14		0.0000	0.0000	0.0000	0.2271
2006-10-15		0.0000	0.0000	0.0000	0.2249
2006-10-16		0.0000	0.0000	0.0000	0.2231
2006-10-17		0.0156	0.0156	0.0156	0.2311
2006-10-18		0.0114	0.0114	0.0114	0.2289
2006-10-19		0.0074	0.0074	0.0074	0.2267
2006-10-20		0.0045	0.0045	0.0045	0.2253
2006-10-21		0.0004	0.0004	0.0004	0.2230
2006-10-22		0.1720	0.1720	0.1720	0.2907
2006-10-23		0.1679	0.1679	0.1679	0.2889
2006-10-24		0.1630	0.1630	0.1630	0.2868
2006-10-25		0.1588	0.1588	0.1588	0.2849
2006-10-26		0.1544	0.1544	0.1544	0.2830
2006-10-27		0.1806	0.1806	0.1806	0.2964
2006-10-28		0.1764	0.1764	0.1764	0.2946
2006-10-29		0.1710	0.1710	0.1710	0.2922
2006-10-30		0.1653	0.1653	0.1653	0.2897
2006-10-31		0.1594	0.1594	0.1594	0.2871
2006-11-01		0.1535	0.1535	0.1535	0.2845
2006-11-02		0.1492	0.1492	0.1492	0.2826
2006-11-03		0.1459	0.1459	0.1459	0.2811
2006-11-04		0.1421	0.1421	0.1421	0.2794
2006-11-05		0.1383	0.1383	0.1383	0.2777
2006-11-06		0.1339	0.1339	0.1339	0.2758
2006-11-07		0.1848	0.1848	0.1848	0.3018
2006-11-08		0.1823	0.1823	0.1823	0.3008
2006-11-09		0.1771	0.1771	0.1771	0.2985
2006-11-10		0.1717	0.1717	0.1717	0.2961
2006-11-11		0.1666	0.1666	0.1666	0.2938
2006-11-12		0.1630	0.1630	0.1630	0.2922
2006-11-13		0.1585	0.1585	0.1585	0.2902
2006-11-14		0.1539	0.1539	0.1539	0.2881
2006-11-15		0.2750	0.2750	0.2750	0.3521
2006-11-16		0.2750	0.2750	0.2750	0.3511
2006-11-17		0.2715	0.2715	0.2715	0.3496
2006-11-18		0.2674	0.2674	0.2674	0.3478
2006-11-19		0.2638	0.2638	0.2638	0.3462
2006-11-20		0.2610	0.2610	0.2610	0.3450
2006-11-21		0.2581	0.2581	0.2581	0.3437
2006-11-22		0.2554	0.2554	0.2554	0.3426
2006-11-23		0.2511	0.2511	0.2511	0.3407
2006-11-24		0.2463	0.2463	0.2463	0.3386
2006-11-25		0.2415	0.2415	0.2415	0.3364
2006-11-26		0.2366	0.2366	0.2366	0.3343
2006-11-27		0.2321	0.2321	0.2321	0.3323
2006-11-28		0.2280	0.2280	0.2280	0.3305
2006-11-29		0.2259	0.2259	0.2259	0.3297
2006-11-30		0.2349	0.2349	0.2349	0.3343
2006-12-01		0.2484	0.2484	0.2484	0.3412
2006-12-02		0.2446	0.2446	0.2446	0.3395
2006-12-03		0.2418	0.2418	0.2418	0.3383
2006-12-04		0.2393	0.2393	0.2393	0.3371
2006-12-05		0.2357	0.2357	0.2357	0.3356
2006-12-06		0.2315	0.2315	0.2315	0.3337
2006-12-07		0.2282	0.2282	0.2282	0.3322
2006-12-08		0.2261	0.2261	0.2261	0.3313
2006-12-09		0.2231	0.2231	0.2231	0.3299
2006-12-10		0.2193	0.2193	0.2193	0.3282
2006-12-11		0.2149	0.2149	0.2149	0.3263
2006-12-12		0.2110	0.2110	0.2110	0.3245
2006-12-13		0.2075	0.2075	0.2075	0.3230
2006-12-14		0.2049	0.2049	0.2049	0.3218
2006-12-15		0.2015	0.2015	0.2015	0.3203
2006-12-16		0.1971	0.1971	0.1971	0.3183
2006-12-17		0.1925	0.1925	0.1925	0.3162
2006-12-18		0.1880	0.1880	0.1880	0.3142
2006-12-19		0.1837	0.1837	0.1837	0.3122
2006-12-20		0.1805	0.1805	0.1805	0.3107
2006-12-21		0.1774	0.1774	0.1774	0.3094
2006-12-22		0.2750	0.2750	0.2750	0.3523
2006-12-23		0.2710	0.2710	0.2710	0.3501
2006-12-24		0.2750	0.2750	0.2750	0.3511
2006-12-25		0.2750	0.2750	0.2750	0.3613
2006-12-26		0.2721	0.2721	0.2721	0.3526
2006-12-27		0.2688	0.2688	0.2688	0.3503
2006-12-28		0.2648	0.2648	0.2648	0.3485
2006-12-29		0.2608	0.2608	0.2608	0.3468
2006-12-30		0.2567	0.2567	0.2567	0.3450
2006-12-31		0.2750	0.2750	0.2750	0.3522
