Observed streamflow data for LREW, unit in cms			
Date	K	J	I
2004-1-1	0.09	0.03	0.06
2004-1-2	0.08	0.02	0.06
2004-1-3	0.09	0.02	0.06
2004-1-4	0.09	0.02	0.06
2004-1-5	0.1	0.03	0.06
2004-1-6	0.11	0.04	0.08
2004-1-7	0.1	0.04	0.08
2004-1-8	0.15	0.03	0.09
2004-1-9	0.12	0.03	0.08
2004-1-10	0.12	0.03	0.09
2004-1-11	0.11	0.04	0.08
2004-1-12	0.1	0.03	0.07
2004-1-13	0.09	0.03	0.06
2004-1-14	0.09	0.03	0.06
2004-1-15	0.09	0.03	0.06
2004-1-16	0.09	0.02	0.06
2004-1-17	0.08	0.02	0.05
2004-1-18	0.1	0.03	0.06
2004-1-19	0.1	0.03	0.08
2004-1-20	0.09	0.03	0.07
2004-1-21	0.08	0.02	0.06
2004-1-22	0.08	0.02	0.05
2004-1-23	0.07	0.02	0.04
2004-1-24	0.07	0.02	0.04
2004-1-25	0.08	0.02	0.04
2004-1-26	0.56	0.35	0.46
2004-1-27	1.02	1.05	1.89
2004-1-28	0.8	0.51	1.19
2004-1-29	0.38	0.39	0.62
2004-1-30	0.27	0.39	0.61
2004-1-31	0.24	0.15	0.35
2004-2-1	0.24	0.14	0.3
2004-2-2	0.26	0.15	0.31
2004-2-3	0.36	0.18	0.41
2004-2-4	0.25	0.15	0.33
2004-2-5	0.23	0.12	0.27
2004-2-6	0.43	0.26	0.6
2004-2-7	0.69	0.53	1.16
2004-2-8	0.5	0.36	0.81
2004-2-9	0.3	0.19	0.44
2004-2-10	0.27	0.36	0.47
2004-2-11	0.28	0.42	0.59
2004-2-12	0.91	0.89	1.43
2004-2-13	1.02	1.19	1.86
2004-2-14	1.19	1.26	2.27
2004-2-15	1.21	1.67	2.4
2004-2-16	0.86	1.08	1.64
2004-2-17	0.62	0.54	1.03
2004-2-18	0.55	0.43	0.85
2004-2-19	0.52	0.63	0.86
2004-2-20	0.49	0.42	0.79
2004-2-21	0.49	0.31	0.65
2004-2-22	0.44	0.27	0.57
2004-2-23	0.36	0.23	0.49
2004-2-24	0.51	0.3	0.64
2004-2-25	0.61	0.35	0.79
2004-2-26	0.58	0.4	0.82
2004-2-27	0.51	0.36	0.71
2004-2-28	0.39	0.45	0.65
2004-2-29	0.43	0.5	0.69
2004-3-1	0.35	0.45	0.65
2004-3-2	0.34	0.34	0.55
2004-3-3	0.38	0.22	0.48
2004-3-4	0.28	0.19	0.38
2004-3-5	0.29	0.19	0.36
2004-3-6	0.46	0.18	0.45
2004-3-7	0.34	0.16	0.41
2004-3-8	0.24	0.14	0.3
2004-3-9	0.2	0.12	0.26
2004-3-10	0.27	0.11	0.26
2004-3-11	0.19	0.09	0.24
2004-3-12	0.18	0.09	0.22
2004-3-13	0.18	0.09	0.2
2004-3-14	0.25	0.08	0.24
2004-3-15	0.17	0.08	0.21
2004-3-16	0.17	0.17	0.31
2004-3-17	0.18	0.1	0.24
2004-3-18	0.2	0.07	0.19
2004-3-19	0.18	0.06	0.2
2004-3-20	0.14	0.06	0.15
2004-3-21	0.12	0.05	0.13
2004-3-22	0.11	0.04	0.11
2004-3-23	0.09	0.03	0.09
2004-3-24	0.12	0.06	0.1
2004-3-25	0.11	0.04	0.12
2004-3-26	0.09	0.03	0.09
2004-3-27	0.08	0.03	0.08
2004-3-28	0.08	0.03	0.07
2004-3-29	0.08	0.03	0.07
2004-3-30	0.09	0.02	0.07
2004-3-31	0.11	0.02	0.08
2004-4-1	0.1	0.03	0.07
2004-4-2	0.07	0.02	0.06
2004-4-3	0.06	0.02	0.05
2004-4-4	0.05	0.02	0.04
2004-4-5	0.04	0.01	0.03
2004-4-6	0.04	0.01	0.02
2004-4-7	0.04	0.01	0.02
2004-4-8	0.05	0.01	0.04
2004-4-9	0.07	0.01	0.06
2004-4-10	0.05	0.01	0.04
2004-4-11	0.04	0.01	0.03
2004-4-12	0.04	0.01	0.02
2004-4-13	0.05	0.01	0.04
2004-4-14	0.04	0.01	0.03
2004-4-15	0.03	0.01	0.02
2004-4-16	0.03	0.01	0.01
2004-4-17	0.02	0.01	0.01
2004-4-18	0.02	0.01	0
2004-4-19	0.02	0	0
2004-4-20	0.02	0	0
2004-4-21	0.02	0	0
2004-4-22	0.02	0	0
2004-4-23	0.01	0	0
2004-4-24	0	0	0
2004-4-25	0	0	0
2004-4-26	0.02	0.01	0
2004-4-27	0.03	0.01	0.03
2004-4-28	0.02	0	0.02
2004-4-29	0.01	0	0
2004-4-30	0.02	0.01	0.01
2004-5-1	0.09	0.02	0.22
2004-5-2	0.24	0.16	0.32
2004-5-3	0.85	1.73	1.73
2004-5-4	0.49	0.42	1.22
2004-5-5	0.28	0.17	0.5
2004-5-6	0.09	0.09	0.26
2004-5-7	0.05	0.05	0.12
2004-5-8	0.03	0.03	0.07
2004-5-9	0.02	0.02	0.05
2004-5-10	0.02	0.02	0.03
2004-5-11	0.02	0.01	0.02
2004-5-12	0.02	0.01	0.01
2004-5-13	0.02	0.01	0.01
2004-5-14	0.01	0.01	0
2004-5-15	0.01	0	0
2004-5-16	0.01	0	0
2004-5-17	0.01	0	0
2004-5-18	0.01	0	0
2004-5-19	0.01	0	0
2004-5-20	0.01	0	0
2004-5-21	0.01	0	0
2004-5-22	0.01	0	0
2004-5-23	0	0	0
2004-5-24	0	0	0
2004-5-25	0	0	0
2004-5-26	0	0	0
2004-5-27	0	0	0
2004-5-28	0	0	0
2004-5-29	0	0	0
2004-5-30	0	0	0
2004-5-31	0	0	0
2004-6-1	0.01	0	0
2004-6-2	0.01	0	0
2004-6-3	0.01	0	0
2004-6-4	0.04	0	0
2004-6-5	0.04	0	0
2004-6-6	0.01	0	0
2004-6-7	0.01	0	0
2004-6-8	0.01	0	0
2004-6-9	0.02	0	0
2004-6-10	0.02	0	0.01
2004-6-11	0.01	0	0
2004-6-12	0.01	0	0
2004-6-13	0	0	0
2004-6-14	0.01	0	0
2004-6-15	0.01	0	0
2004-6-16	0.01	0	0
2004-6-17	0.01	0	0
2004-6-18	0	0	0
2004-6-19	0	0	0
2004-6-20	0	0	0
2004-6-21	0.05	0	0
2004-6-22	0.19	0.02	0.16
2004-6-23	0.15	0.02	0.16
2004-6-24	0.09	0.03	0.14
2004-6-25	0.38	0.44	0.28
2004-6-26	0.6	1	1.72
2004-6-27	0.41	0.68	1.13
2004-6-28	0.16	0.4	0.69
2004-6-29	0.08	0.14	0.32
2004-6-30	0.07	0.06	0.17
2004-7-1	0.07	0.06	0.16
2004-7-2	0.12	0.25	0.38
2004-7-3	0.12	0.5	0.66
2004-7-4	0.06	0.22	0.38
2004-7-5	0.04	0.11	0.2
2004-7-6	0.03	0.06	0.11
2004-7-7	0.02	0.04	0.07
2004-7-8	0.03	0.04	0.06
2004-7-9	0.02	0.04	0.07
2004-7-10	0.01	0.03	0.04
2004-7-11	0.01	0.02	0.02
2004-7-12	0.01	0.01	0
2004-7-13	0.01	0.01	0
2004-7-14	0.01	0.01	0
2004-7-15	0	0.01	0
2004-7-16	0.01	0.01	0
2004-7-17	0.01	0.01	0
2004-7-18	0.02	0.01	0.02
2004-7-19	0.02	0.01	0.12
2004-7-20	0.01	0	0.04
2004-7-21	0.03	0	0.01
2004-7-22	0.09	0	0.04
2004-7-23	0.09	0	0.08
2004-7-24	0.12	0	0.09
2004-7-25	0.13	0	0.14
2004-7-26	0.09	0	0.09
2004-7-27	0.09	0	0.1
2004-7-28	0.02	0	0.06
2004-7-29	0.07	0	0.05
2004-7-30	0.04	0	0.07
2004-7-31	0.03	0	0.01
2004-8-1	0.02	0	0.03
2004-8-2	0	0	0
2004-8-3	0	0	0
2004-8-4	0.02	0	0
2004-8-5	0	0	0
2004-8-6	0	0	0
2004-8-7	0	0	0
2004-8-8	0	0	0
2004-8-9	0	0	0
2004-8-10	0.07	0	0
2004-8-11	0.04	0	0.07
2004-8-12	0.04	0	0.05
2004-8-13	0.09	0	0.07
2004-8-14	0.03	0	0.09
2004-8-15	0.02	0	0.02
2004-8-16	0.01	0	0.01
2004-8-17	0.01	0	0.01
2004-8-18	0.01	0	0.01
2004-8-19	0.01	0	0
2004-8-20	0	0	0
2004-8-21	0.06	0	0
2004-8-22	0.04	0	0.11
2004-8-23	0.02	0	0.05
2004-8-24	0.01	0	0.02
2004-8-25	0.01	0	0.01
2004-8-26	0.01	0	0
2004-8-27	0	0	0
2004-8-28	0	0	0
2004-8-29	0	0	0
2004-8-30	0	0	0
2004-8-31	0	0	0
2004-9-1	0	0	0
2004-9-2	0	0	0
2004-9-3	0.01	0	0
2004-9-4	0	0	0
2004-9-5	0	0	0
2004-9-6	0.44	0.05	0.13
2004-9-7	1.31	2.45	4.5
2004-9-8	0.71	1.92	2.59
2004-9-9	0.33	1.01	1.7
2004-9-10	0.16	0.46	0.94
2004-9-11	0.12	0.17	0.52
2004-9-12	0.11	0.17	0.49
2004-9-13	0.12	0.13	0.42
2004-9-14	0.14	0.14	0.44
2004-9-15	0.23	0.16	0.53
2004-9-16	0.19	0.15	0.58
2004-9-17	0.3	0.39	0.89
2004-9-18	0.3	0.4	0.89
2004-9-19	0.18	0.22	0.69
2004-9-20	0.09	0.1	0.37
2004-9-21	0.07	0.06	0.25
2004-9-22	0.06	0.05	0.19
2004-9-23	0.08	0.05	0.18
2004-9-24	0.07	0.03	0.2
2004-9-25	0.04	0.02	0.13
2004-9-26	0.03	0.02	0.1
2004-9-27	4.78	6.6	17.37
2004-9-28	2.44	5.71	13.95
2004-9-29	0.98	3.11	5.04
2004-9-30	0.68	1.92	2.67
2004-10-1	0.6	1.2	1.99
2004-10-2	0.46	0.56	1.41
2004-10-3	0.36	0.35	1
2004-10-4	0.29	0.31	0.82
2004-10-5	0.24	0.25	0.73
2004-10-6	0.21	0.22	0.64
2004-10-7	0.23	0.19	0.62
2004-10-8	0.18	0.16	0.67
2004-10-9	0.14	0.14	0.48
2004-10-10	0.15	0.15	0.49
2004-10-11	0.26	0.22	0.6
2004-10-12	0.31	0.25	0.81
2004-10-13	0.28	0.19	0.66
2004-10-14	0.17	0.13	0.59
2004-10-15	0.33	0.27	0.92
2004-10-16	0.38	0.32	0.95
2004-10-17	0.23	0.15	0.65
2004-10-18	0.12	0.11	0.4
2004-10-19	0.12	0.11	0.37
2004-10-20	0.2	0.11	0.41
2004-10-21	0.19	0.12	0.47
2004-10-22	0.18	0.09	0.43
2004-10-23	0.14	0.14	0.37
2004-10-24	0.1	0.1	0.37
2004-10-25	0.09	0.07	0.27
2004-10-26	0.09	0.08	0.26
2004-10-27	0.11	0.06	0.24
2004-10-28	0.12	0.05	0.26
2004-10-29	0.12	0.05	0.22
2004-10-30	0.08	0.05	0.25
2004-10-31	0.06	0.17	0.26
2004-11-1	0.08	0.21	0.35
2004-11-2	0.1	0.21	0.39
2004-11-3	0.06	0.13	0.35
2004-11-4	0.05	0.04	0.21
2004-11-5	0.11	0.03	0.17
2004-11-6	0.06	0.03	0.2
2004-11-7	0.08	0.02	0.13
2004-11-8	0.05	0.01	0.12
2004-11-9	0.03	0.01	0.08
2004-11-10	0.02	0.01	0.06
2004-11-11	0.03	0.01	0.05
2004-11-12	0.04	0.01	0.08
2004-11-13	0.05	0.02	0.14
2004-11-14	0.06	0.03	0.14
2004-11-15	0.09	0.02	0.14
2004-11-16	0.05	0.02	0.12
2004-11-17	0.03	0.01	0.09
2004-11-18	0.03	0.01	0.07
2004-11-19	0.02	0.01	0.06
2004-11-20	0.03	0.01	0.06
2004-11-21	0.06	0.04	0.18
2004-11-22	0.71	0.69	1.2
2004-11-23	0.6	0.87	1.69
2004-11-24	0.81	0.89	1.97
2004-11-25	1.24	1.92	3.93
2004-11-26	0.58	0.95	1.79
2004-11-27	0.37	0.73	1.17
2004-11-28	0.54	1.04	1.67
2004-11-29	0.45	0.76	1.37
2004-11-30	0.3	0.61	1
2004-12-1	0.22	0.55	0.91
2004-12-2	0.26	0.34	0.76
2004-12-3	0.21	0.26	0.57
2004-12-4	0.2	0.31	0.67
2004-12-5	0.18	0.14	0.49
2004-12-6	0.21	0.14	0.49
2004-12-7	0.21	0.14	0.51
2004-12-8	0.21	0.13	0.49
2004-12-9	0.23	0.16	0.53
2004-12-10	0.98	0.99	1.83
2004-12-11	0.96	1.25	2.52
2004-12-12	0.45	0.58	1.26
2004-12-13	0.3	0.39	0.86
2004-12-14	0.22	0.36	0.7
2004-12-15	0.28	0.38	0.76
2004-12-16	0.16	0.34	0.65
2004-12-17	0.15	0.27	0.59
2004-12-18	0.24	0.18	0.5
2004-12-19	0.29	0.17	0.57
2004-12-20	0.18	0.14	0.45
2004-12-21	0.18	0.12	0.34
2004-12-22	0.24	0.12	0.33
2004-12-23	0.41	0.18	0.52
2004-12-24	0.6	0.28	0.76
2004-12-25	0.5	0.19	0.64
2004-12-26	0.93	0.64	1.47
2004-12-27	1.07	0.88	1.7
2004-12-28	0.78	0.44	1.1
2004-12-29	0.56	0.6	0.96
2004-12-30	0.49	0.42	0.81
2004-12-31	0.46	0.38	0.72
2005-1-1	0.44	0.27	0.66
2005-1-2	0.4	0.18	0.52
2005-1-3	0.36	0.16	0.48
2005-1-4	0.34	0.15	0.45
2005-1-5	0.31	0.14	0.44
2005-1-6	0.33	0.14	0.43
2005-1-7	0.28	0.14	0.46
2005-1-8	0.24	0.14	0.41
2005-1-9	0.26	0.17	0.45
2005-1-10	0.25	0.17	0.45
2005-1-11	0.21	0.17	0.4
2005-1-12	0.23	0.16	0.35
2005-1-13	0.3	0.17	0.45
2005-1-14	0.67	0.61	1.25
2005-1-15	0.57	0.54	1.13
2005-1-16	0.41	0.3	0.69
2005-1-17	0.25	0.18	0.44
2005-1-18	0.24	0.14	0.35
2005-1-19	0.26	0.11	0.31
2005-1-20	0.42	0.1	0.36
2005-1-21	0.28	0.21	0.38
2005-1-22	0.25	0.16	0.4
2005-1-23	0.23	0.09	0.29
2005-1-24	0.37	0.07	0.28
2005-1-25	0.25	0.07	0.25
2005-1-26	0.24	0.06	0.22
2005-1-27	0.23	0.06	0.22
2005-1-28	0.21	0.04	0.18
2005-1-29	0.53	0.12	0.43
2005-1-30	0.86	0.42	1.1
2005-1-31	0.61	0.26	0.8
2005-2-1	0.45	0.14	0.49
2005-2-2	0.38	0.13	0.41
2005-2-3	0.6	0.34	0.72
2005-2-4	0.73	0.57	1.01
2005-2-5	0.66	0.5	0.96
2005-2-6	0.43	0.32	0.65
2005-2-7	0.33	0.31	0.57
2005-2-8	0.55	0.15	0.49
2005-2-9	0.67	0.17	0.6
2005-2-10	0.88	0.63	1.36
2005-2-11	0.68	0.33	0.97
2005-2-12	0.47	0.19	0.59
2005-2-13	0.33	0.17	0.44
2005-2-14	0.3	0.15	0.4
2005-2-15	0.3	0.17	0.43
2005-2-16	0.29	0.16	0.41
2005-2-17	0.46	0.15	0.47
2005-2-18	0.32	0.12	0.41
2005-2-19	0.22	0.1	0.29
2005-2-20	0.2	0.09	0.26
2005-2-21	0.21	0.09	0.27
2005-2-22	0.23	0.1	0.29
2005-2-23	0.44	0.18	0.4
2005-2-24	0.61	0.24	0.67
2005-2-25	0.4	0.18	0.49
2005-2-26	0.33	0.17	0.4
2005-2-27	0.73	0.6	1
2005-2-28	1.35	1.59	2.39
2005-3-1	0.83	0.71	1.43
2005-3-2	0.56	0.42	0.82
2005-3-3	0.49	0.56	0.74
2005-3-4	0.43	0.48	0.75
2005-3-5	0.38	0.28	0.55
2005-3-6	0.31	0.25	0.47
2005-3-7	0.27	0.19	0.38
2005-3-8	0.43	0.3	0.58
2005-3-9	0.44	0.27	0.58
2005-3-10	0.44	0.18	0.49
2005-3-11	0.3	0.14	0.36
2005-3-12	0.24	0.13	0.3
2005-3-13	0.22	0.13	0.26
2005-3-14	0.27	0.13	0.28
2005-3-15	0.28	0.11	0.28
2005-3-16	0.84	0.55	1.2
2005-3-17	0.89	0.79	1.55
2005-3-18	0.56	0.39	0.87
2005-3-19	0.41	0.31	0.59
2005-3-20	0.37	0.38	0.56
2005-3-21	0.35	0.41	0.61
2005-3-22	1.15	1.39	2.4
2005-3-23	2.18	3.22	5.95
2005-3-24	0.92	1.24	2.21
2005-3-25	0.59	0.9	1.83
2005-3-26	0.61	0.89	1.82
2005-3-27	5.22	8.19	22.52
2005-3-28	3.04	7.33	17.86
2005-3-29	1.37	3.8	6.77
2005-3-30	0.84	2.91	4.38
2005-3-31	0.88	1.97	3.49
2005-4-1	3.17	5.76	13.37
2005-4-2	2.78	5.91	14.41
2005-4-3	1.14	3.08	5.61
2005-4-4	0.78	1.92	3.23
2005-4-5	0.68	1.08	2.19
2005-4-6	0.63	0.71	1.8
2005-4-7	2.14	3.48	8.03
2005-4-8	1.35	3.35	7.12
2005-4-9	0.65	2.46	3.9
2005-4-10	0.51	1.59	2.59
2005-4-11	0.4	1.03	1.98
2005-4-12	0.32	0.6	1.53
2005-4-13	0.31	0.48	1.34
2005-4-14	0.26	0.39	1.16
2005-4-15	0.21	0.34	1.02
2005-4-16	0.17	0.28	0.87
2005-4-17	0.15	0.26	0.8
2005-4-18	0.14	0.24	0.74
2005-4-19	0.12	0.21	0.68
2005-4-20	0.11	0.2	0.64
2005-4-21	0.1	0.2	0.61
2005-4-22	0.12	0.21	0.63
2005-4-23	0.53	1.63	3.16
2005-4-24	0.28	0.77	1.63
2005-4-25	0.14	0.35	0.97
2005-4-26	0.14	0.33	0.85
2005-4-27	0.15	0.58	1.11
2005-4-28	0.1	0.36	0.81
2005-4-29	0.13	0.23	0.71
2005-4-30	0.21	0.49	1.11
2005-5-1	0.53	1.31	2.58
2005-5-2	0.29	0.68	1.47
2005-5-3	0.14	0.62	1.11
2005-5-4	0.08	0.37	0.82
2005-5-5	0.09	0.25	0.69
2005-5-6	0.15	0.37	0.98
2005-5-7	0.08	0.19	0.64
2005-5-8	0.12	0.13	0.57
2005-5-9	0.05	0.11	0.42
2005-5-10	0.03	0.09	0.34
2005-5-11	0.02	0.07	0.28
2005-5-12	0.01	0.06	0.23
2005-5-13	0.01	0.05	0.19
2005-5-14	0	0.03	0.16
2005-5-15	0	0.02	0.12
2005-5-16	0	0.01	0.1
2005-5-17	0	0.01	0.08
2005-5-18	0.01	0.01	0.06
2005-5-19	0.01	0.02	0.21
2005-5-20	0.01	0.03	0.51
2005-5-21	0.03	0.12	0.48
2005-5-22	0.02	0.1	0.39
2005-5-23	0.08	0.04	0.33
2005-5-24	0.01	0.02	0.2
2005-5-25	0	0.01	0.1
2005-5-26	0.02	0	0.05
2005-5-27	0.01	0	0.1
2005-5-28	0	0	0.04
2005-5-29	0	0	0.02
2005-5-30	0	0	0.03
2005-5-31	0	0	0.04
2005-6-1	0.05	0.05	0.21
2005-6-2	0.1	0.44	0.88
2005-6-3	0.22	0.54	1.11
2005-6-4	0.28	0.58	1.2
2005-6-5	0.2	0.37	0.95
2005-6-6	0.33	0.98	1.07
2005-6-7	0.15	1.03	1.26
2005-6-8	0.26	1.05	0.89
2005-6-9	0.54	2.39	3.66
2005-6-10	0.37	1.24	1.67
2005-6-11	0.32	1.17	1.45
2005-6-12	0.68	1.86	2.66
2005-6-13	0.56	1.58	2.22
2005-6-14	0.26	1.25	1.48
2005-6-15	0.1	0.95	0.96
2005-6-16	0.06	0.67	0.7
2005-6-17	0.04	0.33	0.44
2005-6-18	0.03	0.22	0.32
2005-6-19	0.02	0.15	0.28
2005-6-20	0.02	0.15	0.25
2005-6-21	0.01	0.1	0.2
2005-6-22	0.01	0.07	0.15
2005-6-23	0	0.05	0.12
2005-6-24	0	0.04	0.09
2005-6-25	0	0.04	0.09
2005-6-26	0	0.04	0.11
2005-6-27	0	0.03	0.11
2005-6-28	0	0.13	0.14
2005-6-29	0.01	0.1	0.22
2005-6-30	0.02	0.21	0.34
2005-7-1	0.01	0.08	0.23
2005-7-2	0.49	2.77	2
2005-7-3	0.29	1.56	1.78
2005-7-4	0.1	1.1	1.07
2005-7-5	0.06	0.67	0.71
2005-7-6	0.04	0.32	0.44
2005-7-7	0.02	0.2	0.27
2005-7-8	0.01	0.15	0.2
2005-7-9	0	0.11	0.14
2005-7-10	0.94	1.58	2.46
2005-7-11	2.65	8.78	16.99
2005-7-12	0.7	4.9	5.52
2005-7-13	0.39	3.42	3.08
2005-7-14	0.27	1.87	1.87
2005-7-15	0.19	1.39	1.35
2005-7-16	0.16	1.13	1.17
2005-7-17	0.13	0.82	0.99
2005-7-18	0.1	0.55	0.74
2005-7-19	0.12	0.42	0.63
2005-7-20	0.16	0.35	0.67
2005-7-21	0.29	0.45	1.01
2005-7-22	0.45	1.08	1.26
2005-7-23	0.21	0.9	1.18
2005-7-24	0.11	0.46	0.64
2005-7-25	0.08	0.33	0.45
2005-7-26	0.06	0.25	0.37
2005-7-27	0.05	0.21	0.31
2005-7-28	0.04	0.18	0.26
2005-7-29	0.03	0.12	0.21
2005-7-30	0.03	0.08	0.21
2005-7-31	0.1	0.11	0.32
2005-8-1	0.07	0.16	0.37
2005-8-2	0.05	0.16	0.3
2005-8-3	0.05	0.19	0.32
2005-8-4	0.04	0.17	0.31
2005-8-5	0.33	0.47	0.8
2005-8-6	0.59	1.26	2.72
2005-8-7	0.22	0.76	1.24
2005-8-8	0.12	0.4	0.75
2005-8-9	0.07	0.27	0.51
2005-8-10	0.05	0.22	0.39
2005-8-11	0.05	0.2	0.35
2005-8-12	0.17	0.52	0.68
2005-8-13	0.08	0.35	0.62
2005-8-14	0.04	0.19	0.35
2005-8-15	0.02	0.14	0.24
2005-8-16	0.02	0.11	0.21
2005-8-17	0.01	0.09	0.17
2005-8-18	0.01	0.07	0.13
2005-8-19	0	0.07	0.11
2005-8-20	0.01	0.07	0.11
2005-8-21	0.02	0.07	0.2
2005-8-22	0.01	0.06	0.15
2005-8-23	0.01	0.08	0.18
2005-8-24	0.01	0.11	0.16
2005-8-25	0	0.08	0.12
2005-8-26	0	0.05	0.09
2005-8-27	0	0.05	0.07
2005-8-28	0	0.05	0.05
2005-8-29	0	0.05	0.04
2005-8-30	0	0.05	0.03
2005-8-31	0	0.06	0.05
2005-9-1	0	0.05	0.07
2005-9-2	0	0.02	0.04
2005-9-3	0	0.01	0.02
2005-9-4	0	0	0.01
2005-9-5	0	0	0
2005-9-6	0	0	0
2005-9-7	0	0	0
2005-9-8	0	0	0
2005-9-9	0	0	0
2005-9-10	0	0	0
2005-9-11	0	0	0
2005-9-12	0	0	0
2005-9-13	0	0	0
2005-9-14	0	0	0
2005-9-15	0	0	0
2005-9-16	0	0	0
2005-9-17	0	0	0
2005-9-18	0	0	0
2005-9-19	0	0	0
2005-9-20	0	0	0
2005-9-21	0	0	0
2005-9-22	0	0	0
2005-9-23	0	0	0
2005-9-24	0	0	0
2005-9-25	0	0	0
2005-9-26	0	0	0
2005-9-27	0	0	0
2005-9-28	0	0	0
2005-9-29	0	0	0
2005-9-30	0	0	0
2005-10-1	0	0	0
2005-10-2	0	0	0
2005-10-3	0	0	0
2005-10-4	0	0	0
2005-10-5	0	0	0
2005-10-6	0	0	0
2005-10-7	0	0	0
2005-10-8	0	0	0
2005-10-9	0	0	0
2005-10-10	0	0	0
2005-10-11	0	0	0
2005-10-12	0	0	0
2005-10-13	0	0	0
2005-10-14	0	0	0
2005-10-15	0	0	0
2005-10-16	0	0	0
2005-10-17	0	0	0
2005-10-18	0	0	0
2005-10-19	0	0	0
2005-10-20	0	0	0
2005-10-21	0	0	0
2005-10-22	0	0	0
2005-10-23	0	0	0
2005-10-24	0	0	0
2005-10-25	0	0	0
2005-10-26	0	0	0
2005-10-27	0	0	0
2005-10-28	0	0	0
2005-10-29	0	0	0
2005-10-30	0	0	0
2005-10-31	0	0	0
2005-11-1	0	0	0
2005-11-2	0	0	0
2005-11-3	0	0	0
2005-11-4	0	0	0
2005-11-5	0	0	0
2005-11-6	0	0	0
2005-11-7	0	0	0
2005-11-8	0	0	0
2005-11-9	0	0	0
2005-11-10	0	0	0
2005-11-11	0	0	0
2005-11-12	0	0	0
2005-11-13	0	0	0
2005-11-14	0	0	0
2005-11-15	0	0	0
2005-11-16	0	0	0
2005-11-17	0	0	0
2005-11-18	0	0	0
2005-11-19	0	0	0
2005-11-20	0	0	0
2005-11-21	0	0	0
2005-11-22	0	0	0
2005-11-23	0	0	0
2005-11-24	0	0	0
2005-11-25	0	0	0
2005-11-26	0	0	0
2005-11-27	0	0	0
2005-11-28	0	0	0
2005-11-29	0	0	0
2005-11-30	0	0	0
2005-12-1	0	0	0
2005-12-2	0	0	0
2005-12-3	0	0	0
2005-12-4	0	0	0
2005-12-5	0.04	0	0
2005-12-6	0.01	0	0
2005-12-7	0	0	0.01
2005-12-8	0	0.01	0.07
2005-12-9	0.01	0.03	0.15
2005-12-10	0	0.03	0.11
2005-12-11	0	0.04	0.11
2005-12-12	0	0.03	0.12
2005-12-13	0	0.02	0.1
2005-12-14	0	0.02	0.09
2005-12-15	0	0.03	0.13
2005-12-16	0	0.07	0.26
2005-12-17	0	0.06	0.24
2005-12-18	0.03	0.16	0.47
2005-12-19	0.02	0.15	0.47
2005-12-20	0.01	0.1	0.37
2005-12-21	0	0.07	0.29
2005-12-22	0	0.06	0.24
2005-12-23	0	0.06	0.22
2005-12-24	0	0.07	0.22
2005-12-25	0.24	0.38	0.94
2005-12-26	0.07	0.45	0.99
2005-12-27	0.05	0.22	0.69
2005-12-28	0.03	0.16	0.53
2005-12-29	0.02	0.17	0.49
2005-12-30	0.01	0.14	0.43
2005-12-31	0.01	0.13	0.38
2006-1-1	0.01	0.13	0.38
2006-1-2	0.46	0.84	2.77
2006-1-3	0.39	1.74	3.19
2006-1-4	0.17	0.84	1.68
2006-1-5	0.09	0.5	1.09
2006-1-6	0.06	0.38	0.87
2006-1-7	0.04	0.29	0.71
2006-1-8	0.04	0.5	0.72
2006-1-9	0.04	0.7	1.01
2006-1-10	0.03	0.51	0.87
2006-1-11	0.03	0.49	0.81
2006-1-12	0.03	0.43	0.8
2006-1-13	0.06	0.28	0.69
2006-1-14	0.11	0.43	0.97
2006-1-15	0.06	0.28	0.77
2006-1-16	0.04	0.21	0.61
2006-1-17	0.04	0.25	0.61
2006-1-18	0.22	0.49	1.1
2006-1-19	0.15	0.42	1.09
2006-1-20	0.09	0.28	0.81
2006-1-21	0.06	0.23	0.69
2006-1-22	0.04	0.22	0.61
2006-1-23	0.04	0.23	0.6
2006-1-24	0.06	0.29	0.79
2006-1-25	0.06	0.29	0.72
2006-1-26	0.04	0.2	0.59
2006-1-27	0.03	0.16	0.48
2006-1-28	0.02	0.14	0.45
2006-1-29	0.03	0.16	0.47
2006-1-30	0.08	0.31	0.66
2006-1-31	0.19	0.66	1.28
2006-2-1	0.13	0.52	1.08
2006-2-2	0.28	0.87	1.69
2006-2-3	0.37	1.51	2.7
2006-2-4	0.25	1.03	1.9
2006-2-5	0.15	0.69	1.41
2006-2-6	0.1	0.55	1.11
2006-2-7	0.09	0.48	1
2006-2-8	0.08	0.64	1.09
2006-2-9	0.07	0.39	0.92
2006-2-10	0.06	0.26	0.73
2006-2-11	0.13	0.39	0.97
2006-2-12	0.2	0.6	1.33
2006-2-13	0.29	0.48	1.28
2006-2-14	0.15	0.39	1.09
2006-2-15	0.09	0.35	0.85
2006-2-16	0.08	0.27	0.79
2006-2-17	0.06	0.24	0.67
2006-2-18	0.05	0.24	0.63
2006-2-19	0.07	0.36	0.77
2006-2-20	0.08	0.3	0.77
2006-2-21	0.1	0.33	0.88
2006-2-22	0.11	0.38	0.95
2006-2-23	0.09	0.37	0.87
2006-2-24	0.07	0.37	0.8
2006-2-25	0.32	0.75	1.49
2006-2-26	1.18	3.74	7.73
2006-2-27	0.7	2.08	4.07
2006-2-28	0.56	1.39	2.41
2006-3-1	0.59	0.83	1.86
2006-3-2	0.56	0.66	1.66
2006-3-3	0.41	0.43	1.35
2006-3-4	0.3	0.29	1.03
2006-3-5	0.24	0.3	0.92
2006-3-6	0.25	0.2	0.83
2006-3-7	0.24	0.19	0.81
2006-3-8	0.21	0.17	0.73
2006-3-9	0.2	0.16	0.69
2006-3-10	0.2	0.15	0.69
2006-3-11	0.2	0.15	0.68
2006-3-12	0.19	0.14	0.65
2006-3-13	0.17	0.26	0.62
2006-3-14	0.22	0.31	0.73
2006-3-15	0.21	0.32	0.76
2006-3-16	0.16	0.19	0.61
2006-3-17	0.14	0.18	0.54
2006-3-18	0.13	0.21	0.54
2006-3-19	0.12	0.16	0.5
2006-3-20	0.12	0.14	0.47
2006-3-21	0.26	0.3	0.76
2006-3-22	0.33	0.45	1.05
2006-3-23	0.22	0.25	0.76
2006-3-24	0.17	0.2	0.62
2006-3-25	0.13	0.27	0.54
2006-3-26	0.11	0.2	0.59
2006-3-27	0.11	0.08	0.41
2006-3-28	0.08	0.05	0.38
2006-3-29	0.07	0.05	0.32
2006-3-30	0.07	0.05	0.31
2006-3-31	0.07	0.09	0.3
2006-4-1	0.07	0.08	0.28
2006-4-2	0.07	0.09	0.27
2006-4-3	0.06	0.08	0.26
2006-4-4	0.05	0.07	0.22
2006-4-5	0.04	0.05	0.18
2006-4-6	0.03	0.04	0.15
2006-4-7	0.02	0.03	0.12
2006-4-8	0.06	0.05	0.16
2006-4-9	0.24	0.32	0.62
2006-4-10	0.14	0.19	0.6
2006-4-11	0.08	0.1	0.35
2006-4-12	0.05	0.07	0.25
2006-4-13	0.09	0.05	0.21
2006-4-14	0.03	0.05	0.21
2006-4-15	0.02	0.04	0.13
2006-4-16	0.01	0.04	0.1
2006-4-17	0.01	0.04	0.08
2006-4-18	0.01	0.04	0.06
2006-4-19	0	0.03	0.06
2006-4-20	0	0.02	0.04
2006-4-21	0	0.02	0.03
2006-4-22	0	0.02	0.02
2006-4-23	0	0.01	0.02
2006-4-24	0	0.01	0.01
2006-4-25	0	0	0.01
2006-4-26	0	0	0
2006-4-27	0	0.01	0.01
2006-4-28	0.01	0	0
2006-4-29	0	0	0
2006-4-30	0	0	0
2006-5-1	0	0	0
2006-5-2	0	0	0
2006-5-3	0	0	0
2006-5-4	0	0	0
2006-5-5	0	0	0
2006-5-6	0	0	0
2006-5-7	0.01	0.02	0
2006-5-8	0.02	0.03	0
2006-5-9	0.02	0.03	0
2006-5-10	0.04	0.04	0
2006-5-11	0.13	0.12	0.23
2006-5-12	0.07	0.11	0.29
2006-5-13	0.04	0.05	0.17
2006-5-14	0.03	0.03	0.11
2006-5-15	0.02	0.02	0.08
2006-5-16	0.01	0.02	0.06
2006-5-17	0.01	0.01	0.03
2006-5-18	0	0.01	0.02
2006-5-19	0	0.01	0.01
2006-5-20	0	0	0
2006-5-21	0	0	0
2006-5-22	0	0	0
2006-5-23	0	0	0
2006-5-24	0	0	0
2006-5-25	0	0	0
2006-5-26	0	0	0
2006-5-27	0	0	0
2006-5-28	0	0	0
2006-5-29	0	0	0
2006-5-30	0	0	0
2006-5-31	0	0	0
2006-6-1	0	0	0
2006-6-2	0	0	0
2006-6-3	0.04	0	0
2006-6-4	0.01	0	0
2006-6-5	0.01	0	0
2006-6-6	0	0	0
2006-6-7	0	0	0
2006-6-8	0	0	0
2006-6-9	0	0	0
2006-6-10	0	0	0
2006-6-11	0	0	0
2006-6-12	0	0	0
2006-6-13	0.01	0	0
2006-6-14	0.02	0	0
2006-6-15	0.01	0	0
2006-6-16	0	0	0
2006-6-17	0	0	0
2006-6-18	0	0	0
2006-6-19	0	0	0
2006-6-20	0	0	0
2006-6-21	0	0	0
2006-6-22	0	0	0
2006-6-23	0	0	0
2006-6-24	0	0	0
2006-6-25	0	0	0
2006-6-26	0	0	0
2006-6-27	0	0	0
2006-6-28	0.01	0	0
2006-6-29	0.01	0	0
2006-6-30	0.01	0	0
2006-7-1	0	0	0
2006-7-2	0	0	0
2006-7-3	0	0	0
2006-7-4	0	0	0
2006-7-5	0	0	0
2006-7-6	0	0	0
2006-7-7	0	0	0
2006-7-8	0	0	0
2006-7-9	0	0	0
2006-7-10	0	0	0
2006-7-11	0	0	0
2006-7-12	0	0	0
2006-7-13	0	0	0
2006-7-14	0	0	0
2006-7-15	0	0	0
2006-7-16	0	0	0
2006-7-17	0	0	0
2006-7-18	0.01	0	0
2006-7-19	0	0	0
2006-7-20	0	0	0
2006-7-21	0	0	0
2006-7-22	0	0	0
2006-7-23	0	0	0
2006-7-24	0	0	0
2006-7-25	0	0	0
2006-7-26	0	0	0
2006-7-27	0	0	0
2006-7-28	0	0	0
2006-7-29	0.04	0	0
2006-7-30	0.04	0	0
2006-7-31	0.01	0	0
2006-8-1	0.01	0	0
2006-8-2	0	0	0
2006-8-3	0	0	0
2006-8-4	0	0	0
2006-8-5	0.01	0	0
2006-8-6	0	0	0
2006-8-7	0	0	0
2006-8-8	0	0	0
2006-8-9	0	0	0
2006-8-10	0	0	0
2006-8-11	0	0	0
2006-8-12	0	0	0
2006-8-13	0	0	0
2006-8-14	0	0	0
2006-8-15	0	0	0
2006-8-16	0.01	0	0
2006-8-17	0.01	0	0
2006-8-18	0	0	0
2006-8-19	0	0	0
2006-8-20	0	0	0
2006-8-21	0	0	0
2006-8-22	0	0	0
2006-8-23	0	0	0
2006-8-24	0	0	0
2006-8-25	0	0	0
2006-8-26	0	0	0
2006-8-27	0	0	0
2006-8-28	0	0	0
2006-8-29	0	0	0
2006-8-30	0	0	0
2006-8-31	0	0	0
2006-9-1	0	0	0
2006-9-2	0	0	0
2006-9-3	0	0	0
2006-9-4	0	0	0
2006-9-5	0	0	0
2006-9-6	0	0	0
2006-9-7	0	0	0
2006-9-8	0	0	0
2006-9-9	0	0	0
2006-9-10	0	0	0
2006-9-11	0	0	0
2006-9-12	0	0	0
2006-9-13	0	0	0
2006-9-14	0	0	0
2006-9-15	0	0	0
2006-9-16	0	0	0
2006-9-17	0	0	0
2006-9-18	0	0	0
2006-9-19	0	0	0
2006-9-20	0	0	0
2006-9-21	0	0	0
2006-9-22	0	0	0
2006-9-23	0	0	0
2006-9-24	0	0	0
2006-9-25	0	0	0
2006-9-26	0	0	0
2006-9-27	0	0	0
2006-9-28	0	0	0
2006-9-29	0	0	0
2006-9-30	0	0	0
2006-10-1	0	0	0
2006-10-2	0	0	0
2006-10-3	0	0	0
2006-10-4	0	0	0
2006-10-5	0	0	0
2006-10-6	0	0	0
2006-10-7	0	0	0
2006-10-8	0	0	0
2006-10-9	0	0	0
2006-10-10	0	0	0
2006-10-11	0	0	0
2006-10-12	0	0	0
2006-10-13	0	0	0
2006-10-14	0	0	0
2006-10-15	0	0	0
2006-10-16	0	0	0
2006-10-17	0	0	0
2006-10-18	0	0	0
2006-10-19	0	0	0
2006-10-20	0	0	0
2006-10-21	0	0	0
2006-10-22	0	0	0
2006-10-23	0	0	0
2006-10-24	0	0	0
2006-10-25	0	0	0
2006-10-26	0	0	0
2006-10-27	0	0	0
2006-10-28	0	0	0
2006-10-29	0	0	0
2006-10-30	0	0	0
2006-10-31	0	0	0
2006-11-1	0	0	0
2006-11-2	0	0	0
2006-11-3	0	0	0
2006-11-4	0	0	0
2006-11-5	0	0	0
2006-11-6	0	0	0
2006-11-7	0	0	0
2006-11-8	0	0	0
2006-11-9	0	0	0
2006-11-10	0	0	0
2006-11-11	0	0	0
2006-11-12	0	0	0
2006-11-13	0	0	0
2006-11-14	0	0	0
2006-11-15	0	0	0
2006-11-16	0.05	0	0
2006-11-17	0.01	0	0
2006-11-18	0.01	0	0
2006-11-19	0.01	0	0
2006-11-20	0.01	0	0
2006-11-21	0.01	0	0
2006-11-22	0.01	0	0
2006-11-23	0.01	0	0
2006-11-24	0	0	0
2006-11-25	0	0	0
2006-11-26	0	0	0
2006-11-27	0	0	0
2006-11-28	0.01	0	0
2006-11-29	0.01	0	0
2006-11-30	0.01	0	0
2006-12-1	0	0	0
2006-12-2	0	0	0
2006-12-3	0	0	0
2006-12-4	0	0	0
2006-12-5	0	0	0
2006-12-6	0	0	0
2006-12-7	0	0	0
2006-12-8	0	0	0
2006-12-9	0	0	0
2006-12-10	0	0	0
2006-12-11	0	0	0
2006-12-12	0	0	0
2006-12-13	0	0	0
2006-12-14	0	0	0
2006-12-15	0	0	0
2006-12-16	0	0	0
2006-12-17	0	0	0
2006-12-18	0	0	0
2006-12-19	0	0	0
2006-12-20	0	0	0
2006-12-21	0	0	0
2006-12-22	0.02	0	0
2006-12-23	0.01	0	0
2006-12-24	0.01	0	0
2006-12-25	0.08	0	0.13
2006-12-26	0.02	0	0.15
2006-12-27	0.02	0	0.1
2006-12-28	0.02	0	0.09
2006-12-29	0.02	0	0.1
2006-12-30	0.02	0	0.1
2006-12-31	0.03	0	0.11
2007-1-1	0.05	0.07	0.18
2007-1-2	0.03	0.09	0.14
2007-1-3	0.02	0.07	0.1
2007-1-4	0.02	0.05	0.11
2007-1-5	0.15	0.11	0.24
2007-1-6	0.13	0.32	0.73
2007-1-7	0.14	0.37	0.71
2007-1-8	0.19	0.64	1.1
2007-1-9	0.09	0.49	0.89
2007-1-10	0.06	0.29	0.62
2007-1-11	0.05	0.21	0.5
2007-1-12	0.05	0.2	0.46
2007-1-13	0.06	0.22	0.46
2007-1-14	0.07	0.22	0.47
2007-1-15	0.08	0.23	0.47
2007-1-16	0.09	0.24	0.47
2007-1-17	0.08	0.21	0.45
2007-1-18	0.08	0.18	0.42
2007-1-19	0.08	0.17	0.43
2007-1-20	0.08	0.16	0.42
2007-1-21	0.07	0.14	0.39
2007-1-22	0.26	0.36	0.77
2007-1-23	0.27	0.68	1.13
2007-1-24	0.19	0.46	0.93
2007-1-25	0.13	0.29	0.66
2007-1-26	0.1	0.22	0.52
2007-1-27	0.09	0.15	0.45
2007-1-28	0.3	0.38	1.02
2007-1-29	0.27	0.5	1.14
2007-1-30	0.17	0.27	0.82
2007-1-31	0.14	0.23	0.65
2007-2-1	0.42	0.42	1.18
2007-2-2	1.12	2.03	4.85
2007-2-3	0.66	1.15	2.63
2007-2-4	0.38	1.07	1.63
2007-2-5	0.28	0.81	1.49
2007-2-6	0.23	0.53	1.09
2007-2-7	0.22	0.5	1
2007-2-8	0.21	0.49	0.97
2007-2-9	0.2	0.38	0.89
2007-2-10	0.2	0.26	0.77
2007-2-11	0.18	0.21	0.66
2007-2-12	0.16	0.2	0.62
2007-2-13	0.29	0.26	0.79
2007-2-14	0.47	0.65	1.51
2007-2-15	0.35	0.46	1.24
2007-2-16	0.24	0.33	0.9
2007-2-17	0.19	0.23	0.72
2007-2-18	0.18	0.2	0.64
2007-2-19	0.16	0.18	0.59
2007-2-20	0.15	0.18	0.58
2007-2-21	0.16	0.17	0.56
2007-2-22	0.17	0.17	0.57
2007-2-23	0.16	0.16	0.54
2007-2-24	0.13	0.14	0.49
2007-2-25	0.16	0.15	0.5
2007-2-26	0.21	0.22	0.68
2007-2-27	0.18	0.19	0.63
2007-2-28	0.17	0.14	0.52
2007-3-1	0.16	0.22	0.54
2007-3-2	0.62	1.17	2.62
2007-3-3	0.36	0.68	1.44
2007-3-4	0.22	0.37	0.87
2007-3-5	0.16	0.26	0.64
2007-3-6	0.14	0.29	0.59
2007-3-7	0.12	0.24	0.55
2007-3-8	0.11	0.2	0.49
2007-3-9	0.11	0.2	0.46
2007-3-10	0.11	0.21	0.45
2007-3-11	0.1	0.2	0.43
2007-3-12	0.1	0.18	0.41
2007-3-13	0.1	0.17	0.38
2007-3-14	0.09	0.16	0.36
2007-3-15	0.09	0.16	0.36
2007-3-16	0.15	0.19	0.51
2007-3-17	0.14	0.16	0.45
2007-3-18	0.09	0.12	0.36
2007-3-19	0.06	0.1	0.3
2007-3-20	0.06	0.1	0.27
2007-3-21	0.06	0.11	0.27
2007-3-22	0.06	0.11	0.26
2007-3-23	0.06	0.11	0.25
2007-3-24	0.05	0.1	0.24
2007-3-25	0.05	0.09	0.22
2007-3-26	0.04	0.09	0.2
2007-3-27	0.04	0.08	0.19
2007-3-28	0.04	0.08	0.17
2007-3-29	0.03	0.07	0.16
2007-3-30	0.02	0.06	0.14
2007-3-31	0.02	0.05	0.12
2007-4-1	0.02	0.04	0.11
2007-4-2	0.02	0.04	0.11
2007-4-3	0.02	0.04	0.1
2007-4-4	0.02	0.04	0.09
2007-4-5	0.01	0.03	0.08
2007-4-6	0.01	0.02	0.06
2007-4-7	0	0.02	0.05
2007-4-8	0	0.01	0.04
2007-4-9	0	0.01	0.03
2007-4-10	0	0.01	0.03
2007-4-11	0	0.01	0.03
2007-4-12	0	0.01	0.02
2007-4-13	0	0	0.01
2007-4-14	0	0	0.01
2007-4-15	0.54	0.56	1.43
2007-4-16	0.35	0.68	1.29
2007-4-17	0.17	0.23	0.73
2007-4-18	0.1	0.11	0.4
2007-4-19	0.06	0.07	0.27
2007-4-20	0.04	0.05	0.2
2007-4-21	0.03	0.04	0.15
2007-4-22	0.02	0.03	0.12
2007-4-23	0.02	0.04	0.1
2007-4-24	0.01	0.03	0.09
2007-4-25	0.01	0.02	0.07
2007-4-26	0.01	0.02	0.05
2007-4-27	0	0.01	0.04
2007-4-28	0	0.01	0.03
2007-4-29	0	0.01	0.02
2007-4-30	0	0.01	0.01
2007-5-1	0	0	0
2007-5-2	0	0	0
2007-5-3	0	0	0
2007-5-4	0	0	0
2007-5-5	0	0	0
2007-5-6	0	0	0
2007-5-7	0	0	0
2007-5-8	0	0	0
2007-5-9	0	0	0
2007-5-10	0	0	0
2007-5-11	0	0	0
2007-5-12	0	0	0
2007-5-13	0	0	0
2007-5-14	0	0	0
2007-5-15	0	0	0
2007-5-16	0	0	0
2007-5-17	0	0	0
2007-5-18	0	0	0
2007-5-19	0	0	0
2007-5-20	0	0	0
2007-5-21	0	0	0
2007-5-22	0	0	0
2007-5-23	0	0	0
2007-5-24	0	0	0
2007-5-25	0	0	0
2007-5-26	0	0	0
2007-5-27	0	0	0
2007-5-28	0	0	0
2007-5-29	0	0	0
2007-5-30	0	0	0
2007-5-31	0	0	0
2007-6-1	0	0	0
2007-6-2	0	0	0
2007-6-3	0	0	0
2007-6-4	0	0	0
2007-6-5	0	0	0
2007-6-6	0.02	0	0
2007-6-7	0	0	0
2007-6-8	0.01	0	0
2007-6-9	0.06	0	0
2007-6-10	0.01	0	0
2007-6-11	0.01	0	0
2007-6-12	0.01	0	0
2007-6-13	0.01	0	0
2007-6-14	0.01	0	0
2007-6-15	0.01	0	0
2007-6-16	0.01	0	0
2007-6-17	0.01	0	0
2007-6-18	0	0	0
2007-6-19	0.01	0	0
2007-6-20	0.01	0	0
2007-6-21	0	0	0
2007-6-22	0	0	0
2007-6-23	0	0	0
2007-6-24	0	0	0
2007-6-25	0	0	0
2007-6-26	0	0	0
2007-6-27	0	0	0
2007-6-28	0	0	0
2007-6-29	0.06	0	0
2007-6-30	0.07	0	0
2007-7-1	0.04	0	0
2007-7-2	0.28	0	0.64
2007-7-3	0.04	0	0.38
2007-7-4	0.02	0	0.27
2007-7-5	0.01	0	0.22
2007-7-6	0.01	0	0.16
2007-7-7	0.01	0	0.12
2007-7-8	0.08	0	0.36
2007-7-9	0.02	0	0.3
2007-7-10	0.01	0	0.21
2007-7-11	0.02	0	0.18
2007-7-12	0.02	0	0.21
2007-7-13	0.01	0	0.17
2007-7-14	0.01	0	0.13
2007-7-15	0.05	0	0.27
2007-7-16	0.02	0	0.27
2007-7-17	0.01	0	0.2
2007-7-18	0.01	0	0.14
2007-7-19	0	0	0.1
2007-7-20	0	0	0.07
2007-7-21	0	0	0.04
2007-7-22	0	0	0.02
2007-7-23	0	0	0
2007-7-24	0	0	0
2007-7-25	0	0	0
2007-7-26	0	0	0
2007-7-27	0	0	0
2007-7-28	0	0	0
2007-7-29	0	0	0
2007-7-30	0	0	0
2007-7-31	0	0	0
2007-8-1	0	0	0
2007-8-2	0	0	0
2007-8-3	0	0	0
2007-8-4	0	0	0
2007-8-5	0	0	0
2007-8-6	0	0	0
2007-8-7	0	0	0
2007-8-8	0	0	0
2007-8-9	0	0	0
2007-8-10	0	0	0
2007-8-11	0.02	0	0
2007-8-12	0.04	0	0
2007-8-13	0.01	0	0
2007-8-14	0	0	0
2007-8-15	0	0	0
2007-8-16	0	0	0
2007-8-17	0	0	0
2007-8-18	0	0	0
2007-8-19	0	0	0
2007-8-20	0	0	0
2007-8-21	0	0	0
2007-8-22	0	0	0
2007-8-23	0	0	0
2007-8-24	0	0	0
2007-8-25	0	0	0
2007-8-26	0	0	0
2007-8-27	0	0	0
2007-8-28	0	0	0
2007-8-29	0	0	0
2007-8-30	0	0	0
2007-8-31	0.02	0	0
2007-9-1	0.01	0	0
2007-9-2	0.01	0	0
2007-9-3	0.01	0	0
2007-9-4	0	0	0
2007-9-5	0	0	0
2007-9-6	0	0	0
2007-9-7	0	0	0
2007-9-8	0	0	0
2007-9-9	0	0	0
2007-9-10	0	0	0
2007-9-11	0	0	0
2007-9-12	0	0	0
2007-9-13	0	0	0
2007-9-14	0	0	0
2007-9-15	0	0	0
2007-9-16	0	0	0
2007-9-17	0	0	0
2007-9-18	0	0	0
2007-9-19	0	0	0
2007-9-20	0	0	0
2007-9-21	0	0	0
2007-9-22	0	0	0
2007-9-23	0	0	0
2007-9-24	0	0	0
2007-9-25	0	0	0
2007-9-26	0	0	0
2007-9-27	0	0	0
2007-9-28	0	0	0
2007-9-29	0	0	0
2007-9-30	0	0	0
2007-10-1	0	0	0
2007-10-2	0	0	0
2007-10-3	0	0	0
2007-10-4	0	0	0
2007-10-5	0	0	0
2007-10-6	0	0	0
2007-10-7	0	0	0
2007-10-8	0	0	0
2007-10-9	0	0	0
2007-10-10	0	0	0
2007-10-11	0	0	0
2007-10-12	0	0	0
2007-10-13	0	0	0
2007-10-14	0	0	0
2007-10-15	0	0	0
2007-10-16	0	0	0
2007-10-17	0	0	0
2007-10-18	0	0	0
2007-10-19	0	0	0
2007-10-20	0	0	0
2007-10-21	0	0	0
2007-10-22	0	0	0
2007-10-23	0	0	0
2007-10-24	0	0	0
2007-10-25	0	0	0
2007-10-26	0	0	0
2007-10-27	0	0	0
2007-10-28	0	0	0
2007-10-29	0	0	0
2007-10-30	0	0	0
2007-10-31	0	0	0
2007-11-1	0	0	0
2007-11-2	0	0	0
2007-11-3	0	0	0
2007-11-4	0	0	0
2007-11-5	0	0	0
2007-11-6	0	0	0
2007-11-7	0	0	0
2007-11-8	0	0	0
2007-11-9	0	0	0
2007-11-10	0	0	0
2007-11-11	0	0	0
2007-11-12	0	0	0
2007-11-13	0	0	0
2007-11-14	0	0	0
2007-11-15	0	0	0
2007-11-16	0	0	0
2007-11-17	0	0	0
2007-11-18	0	0	0
2007-11-19	0	0	0
2007-11-20	0	0	0
2007-11-21	0	0	0
2007-11-22	0	0	0
2007-11-23	0	0	0
2007-11-24	0	0	0
2007-11-25	0	0	0
2007-11-26	0	0	0
2007-11-27	0	0	0
2007-11-28	0	0	0
2007-11-29	0	0	0
2007-11-30	0	0	0
2007-12-1	0	0	0
2007-12-2	0	0	0
2007-12-3	0	0	0
2007-12-4	0	0	0
2007-12-5	0	0	0
2007-12-6	0	0	0
2007-12-7	0	0	0
2007-12-8	0	0	0
2007-12-9	0	0	0
2007-12-10	0	0	0
2007-12-11	0	0	0
2007-12-12	0	0	0
2007-12-13	0	0	0
2007-12-14	0	0	0
2007-12-15	0	0	0
2007-12-16	0	0	0
2007-12-17	0	0	0
2007-12-18	0	0	0
2007-12-19	0	0	0
2007-12-20	0	0	0
2007-12-21	0	0	0
2007-12-22	0	0	0
2007-12-23	0	0	0
2007-12-24	0	0	0
2007-12-25	0	0	0
2007-12-26	0	0	0
2007-12-27	0	0	0
2007-12-28	0	0	0
2007-12-29	0	0	0
2007-12-30	0.02	0	0
2007-12-31	0.01	0	0
2008-1-1	0	0	0
2008-1-2	0	0	0
2008-1-3	0	0	0
2008-1-4	0	0	0
2008-1-5	0	0	0
2008-1-6	0	0	0
2008-1-7	0	0	0
2008-1-8	0	0	0
2008-1-9	0	0	0
2008-1-10	0	0	0
2008-1-11	0	0	0
2008-1-12	0	0	0
2008-1-13	0	0	0
2008-1-14	0	0	0
2008-1-15	0	0	0
2008-1-16	0	0	0
2008-1-17	0.01	0	0.13
2008-1-18	0	0	0.19
2008-1-19	0.06	0.07	0.38
2008-1-20	0.03	0.17	0.6
2008-1-21	0.01	0.23	0.49
2008-1-22	0.01	0.21	0.57
2008-1-23	0.01	0.19	0.58
2008-1-24	0.01	0.19	0.58
2008-1-25	0.01	0.2	0.56
2008-1-26	0.02	0.22	0.65
2008-1-27	0.03	0.25	0.73
2008-1-28	0.02	0.23	0.68
2008-1-29	0.02	0.18	0.61
2008-1-30	0.04	0.18	0.64
2008-1-31	0.03	0.2	0.64
2008-2-1	0.13	0.36	1.03
2008-2-2	0.08	0.48	1.12
2008-2-3	0.09	0.4	1.07
2008-2-4	0.06	0.29	0.92
2008-2-5	0.05	0.26	0.84
2008-2-6	0.16	0.38	0.97
2008-2-7	0.24	1.09	2.03
2008-2-8	0.19	0.79	1.82
2008-2-9	0.11	0.48	1.3
2008-2-10	0.08	0.39	1.07
2008-2-11	0.07	0.33	0.95
2008-2-12	0.1	0.23	0.71
2008-2-13	0.13	0.26	0.55
2008-2-14	0.12	0.33	0.65
2008-2-15	0.11	0.29	0.62
2008-2-16	0.11	0.31	0.62
2008-2-17	0.11	0.34	0.62
2008-2-18	0.3	0.6	1.26
2008-2-19	0.25	0.57	1.16
2008-2-20	0.35	0.32	0.9
2008-2-21	0.42	0.29	0.98
2008-2-22	0.97	1.11	3.62
2008-2-23	1.6	2.68	7.04
2008-2-24	0.94	1.42	3.31
2008-2-25	0.56	0.81	1.74
2008-2-26	0.52	0.62	1.41
2008-2-27	0.48	0.55	1.28
2008-2-28	0.4	0.4	1.06
2008-2-29	0.33	0.34	0.93
2008-3-1	0.3	0.31	0.85
2008-3-2	0.29	0.29	0.82
2008-3-3	0.28	0.25	0.75
2008-3-4	0.44	0.33	0.89
2008-3-5	0.51	0.44	1.24
2008-3-6	0.41	0.35	0.99
2008-3-7	1.73	1.86	5.85
2008-3-8	1.16	1.59	4.32
2008-3-9	0.61	0.92	1.87
2008-3-10	0.44	1.11	1.83
2008-3-11	0.52	0.68	1.51
2008-3-12	0.41	0.57	1.35
2008-3-13	0.31	0.5	1.14
2008-3-14	0.28	0.43	1.02
2008-3-15	0.29	0.34	0.94
2008-3-16	0.27	0.28	0.83
2008-3-17	0.25	0.22	0.7
2008-3-18	0.24	0.2	0.63
2008-3-19	0.36	0.26	0.79
2008-3-20	0.68	0.9	1.78
2008-3-21	0.57	0.67	1.58
2008-3-22	0.38	0.41	1.23
2008-3-23	0.3	0.26	0.91
2008-3-24	0.25	0.21	0.73
2008-3-25	0.21	0.14	0.62
2008-3-26	0.21	0.11	0.56
2008-3-27	0.21	0.11	0.53
2008-3-28	0.19	0.11	0.54
2008-3-29	0.15	0.11	0.49
2008-3-30	0.13	0.11	0.44
2008-3-31	0.13	0.1	0.41
2008-4-1	0.14	0.09	0.41
2008-4-2	0.15	0.09	0.41
2008-4-3	0.14	0.09	0.4
2008-4-4	0.12	0.09	0.37
2008-4-5	0.41	0.32	0.74
2008-4-6	0.82	1.02	2.18
2008-4-7	0.53	0.49	1.47
2008-4-8	0.4	0.3	0.96
2008-4-9	0.48	0.27	0.94
2008-4-10	0.26	0.19	0.68
2008-4-11	0.21	0.15	0.54
2008-4-12	0.17	0.13	0.46
2008-4-13	0.14	0.11	0.39
2008-4-14	0.12	0.07	0.32
2008-4-15	0.1	0.04	0.27
2008-4-16	0.09	0.03	0.24
2008-4-17	0.08	0.03	0.21
2008-4-18	0.06	0.02	0.2
2008-4-19	0.06	0.02	0.19
2008-4-20	0.06	0.03	0.19
2008-4-21	0.05	0.02	0.16
2008-4-22	0.04	0.02	0.13
2008-4-23	0.04	0.01	0.1
2008-4-24	0.07	0.01	0.08
2008-4-25	0.05	0.01	0.12
2008-4-26	0.03	0.01	0.07
2008-4-27	0.02	0	0.04
2008-4-28	0.03	0	0.04
2008-4-29	0.03	0.01	0.05
2008-4-30	0.02	0	0.04
2008-5-1	0.02	0	0.02
2008-5-2	0.02	0	0.02
2008-5-3	0.02	0	0.01
2008-5-4	0.02	0	0.01
2008-5-5	0.01	0	0.01
2008-5-6	0.01	0	0
2008-5-7	0.01	0	0
2008-5-8	0.01	0	0
2008-5-9	0	0	0
2008-5-10	0	0	0
2008-5-11	0.06	0	0
2008-5-12	0.03	0	0
2008-5-13	0.02	0	0
2008-5-14	0.02	0	0
2008-5-15	0.01	0	0
2008-5-16	0.02	0	0
2008-5-17	0.02	0	0
2008-5-18	0.02	0	0
2008-5-19	0.02	0	0
2008-5-20	0.01	0	0
2008-5-21	0.01	0	0
2008-5-22	0.01	0	0
2008-5-23	0.02	0	0
2008-5-24	0.02	0	0
2008-5-25	0.02	0	0
2008-5-26	0.01	0	0
2008-5-27	0	0	0
2008-5-28	0	0	0
2008-5-29	0.02	0	0
2008-5-30	0.01	0	0
2008-5-31	0	0	0
2008-6-1	0	0	0
2008-6-2	0	0	0
2008-6-3	0	0	0
2008-6-4	0	0	0
2008-6-5	0	0	0
2008-6-6	0	0	0
2008-6-7	0	0	0
2008-6-8	0	0	0
2008-6-9	0	0	0
2008-6-10	0	0	0
2008-6-11	0.02	0	0
2008-6-12	0.01	0	0
2008-6-13	0.01	0	0
2008-6-14	0.01	0	0
2008-6-15	0.01	0	0
2008-6-16	0	0	0
2008-6-17	0	0	0
2008-6-18	0	0	0
2008-6-19	0	0	0
2008-6-20	0	0	0
2008-6-21	0	0	0
2008-6-22	0.01	0	0
2008-6-23	0.01	0	0
2008-6-24	0	0	0
2008-6-25	0	0	0
2008-6-26	0	0	0
2008-6-27	0	0	0
2008-6-28	0.01	0	0
2008-6-29	0	0	0
2008-6-30	0	0	0
2008-7-1	0	0	0
2008-7-2	0	0	0
2008-7-3	0	0	0
2008-7-4	0	0	0
2008-7-5	0	0	0
2008-7-6	0	0	0
2008-7-7	0.01	0	0
2008-7-8	0.01	0	0
2008-7-9	0	0	0
2008-7-10	0	0	0
2008-7-11	0.03	0	0
2008-7-12	0.01	0	0
2008-7-13	0.01	0	0
2008-7-14	0	0	0
2008-7-15	0	0	0
2008-7-16	0	0	0
2008-7-17	0	0	0
2008-7-18	0	0	0
2008-7-19	0	0	0
2008-7-20	0	0	0
2008-7-21	0	0	0
2008-7-22	0	0	0
2008-7-23	0	0	0
2008-7-24	0	0	0
2008-7-25	0	0	0
2008-7-26	0	0	0
2008-7-27	0	0	0
2008-7-28	0	0	0
2008-7-29	0	0	0
2008-7-30	0	0	0
2008-7-31	0	0	0
2008-8-1	0	0	0
2008-8-2	0	0	0
2008-8-3	0	0	0
2008-8-4	0	0	0
2008-8-5	0	0	0
2008-8-6	0	0	0
2008-8-7	0	0	0
2008-8-8	0	0	0
2008-8-9	0	0	0
2008-8-10	0	0	0
2008-8-11	0	0	0
2008-8-12	0	0	0
2008-8-13	0	0	0
2008-8-14	0	0	0
2008-8-15	0	0	0
2008-8-16	0	0	0
2008-8-17	0	0	0
2008-8-18	0	0	0
2008-8-19	0	0	0
2008-8-20	0	0	0
2008-8-21	0	0	0
2008-8-22	0	0	0
2008-8-23	0.05	0	0
2008-8-24	0.06	0	0
2008-8-25	0.02	0	0
2008-8-26	0.02	0	0
2008-8-27	0.02	0	0
2008-8-28	0.02	0	0
2008-8-29	0.01	0	0
2008-8-30	0.01	0	0
2008-8-31	0.01	0	0
2008-9-1	0.01	0	0
2008-9-2	0.01	0	0
2008-9-3	0.01	0	0
2008-9-4	0.01	0	0
2008-9-5	0.01	0	0
2008-9-6	0.01	0	0
2008-9-7	0.01	0	0
2008-9-8	0.02	0	0
2008-9-9	0.01	0	0
2008-9-10	0.01	0	0
2008-9-11	0.01	0	0
2008-9-12	0	0	0
2008-9-13	0	0	0
2008-9-14	0	0	0
2008-9-15	0	0	0
2008-9-16	0	0	0
2008-9-17	0	0	0
2008-9-18	0	0	0
2008-9-19	0	0	0
2008-9-20	0	0	0
2008-9-21	0	0	0
2008-9-22	0	0	0
2008-9-23	0	0	0
2008-9-24	0	0	0
2008-9-25	0	0	0
2008-9-26	0	0	0
2008-9-27	0	0	0
2008-9-28	0	0	0
2008-9-29	0	0	0
2008-9-30	0	0	0
2008-10-1	0	0	0
2008-10-2	0	0	0
2008-10-3	0	0	0
2008-10-4	0	0	0
2008-10-5	0	0	0
2008-10-6	0	0	0
2008-10-7	0	0	0
2008-10-8	0	0	0
2008-10-9	0	0	0
2008-10-10	0	0	0
2008-10-11	0	0	0
2008-10-12	0	0	0
2008-10-13	0	0	0
2008-10-14	0	0	0
2008-10-15	0	0	0
2008-10-16	0	0	0
2008-10-17	0	0	0
2008-10-18	0	0	0
2008-10-19	0	0	0
2008-10-20	0	0	0
2008-10-21	0	0	0
2008-10-22	0	0	0
2008-10-23	0	0	0
2008-10-24	0.11	0	0
2008-10-25	0.05	0	0.23
2008-10-26	0.02	0	0.15
2008-10-27	0.02	0	0.15
2008-10-28	0.01	0	0.13
2008-10-29	0.01	0	0.12
2008-10-30	0.01	0	0.11
2008-10-31	0.01	0	0.09
2008-11-1	0.01	0	0.09
2008-11-2	0.01	0	0.1
2008-11-3	0.01	0	0.09
2008-11-4	0.01	0	0.09
2008-11-5	0.01	0	0.1
2008-11-6	0.01	0	0.09
2008-11-7	0.01	0	0.09
2008-11-8	0.01	0	0.08
2008-11-9	0.01	0	0.07
2008-11-10	0.01	0	0.06
2008-11-11	0.01	0	0.06
2008-11-12	0.01	0	0.06
2008-11-13	0.01	0	0.07
2008-11-14	0.02	0	0.16
2008-11-15	0.02	0	0.19
2008-11-16	0.01	0	0.14
2008-11-17	0.01	0	0.1
2008-11-18	0.01	0	0.08
2008-11-19	0.01	0	0.07
2008-11-20	0.01	0	0.06
2008-11-21	0.01	0	0.05
2008-11-22	0.02	0	0.03
2008-11-23	0.02	0	0.03
2008-11-24	0.02	0	0.03
2008-11-25	0.02	0	0.03
2008-11-26	0.02	0	0.03
2008-11-27	0.02	0	0.03
2008-11-28	0.03	0	0.03
2008-11-29	0.05	0.02	0.1
2008-11-30	0.14	0.12	0.45
2008-12-1	0.06	0.18	0.44
2008-12-2	0.04	0.06	0.31
2008-12-3	0.04	0.03	0.22
2008-12-4	0.04	0.03	0.19
2008-12-5	0.04	0.03	0.18
2008-12-6	0.03	0.03	0.18
2008-12-7	0.03	0.02	0.16
2008-12-8	0.03	0.02	0.13
2008-12-9	0.03	0.02	0.13
2008-12-10	0.16	0.06	0.37
2008-12-11	1.38	3.04	8.8
2008-12-12	0.38	1.89	3.64
2008-12-13	0.36	0.69	1.5
2008-12-14	0.26	0.44	1.06
2008-12-15	0.23	0.41	0.95
2008-12-16	0.21	0.39	0.88
2008-12-17	0.26	0.37	0.84
2008-12-18	0.3	0.35	0.86
2008-12-19	0.27	0.34	0.81
2008-12-20	0.2	0.35	0.74
2008-12-21	0.17	0.34	0.67
2008-12-22	0.15	0.26	0.59
2008-12-23	0.13	0.19	0.54
2008-12-24	0.13	0.47	0.66
2008-12-25	0.15	0.41	0.84
2008-12-26	0.15	0.29	0.7
2008-12-27	0.15	0.24	0.6
2008-12-28	0.14	0.27	0.57
2008-12-29	0.15	0.26	0.56
2008-12-30	0.14	0.22	0.54
2008-12-31	0.13	0.16	0.49
2009-1-1	0.11	0.13	0.43
2009-1-2	0.1	0.11	0.41
2009-1-3	0.16	0.21	0.62
2009-1-4	0.17	0.25	0.65
2009-1-5	0.15	0.2	0.57
2009-1-6	0.13	0.19	0.5
2009-1-7	0.14	0.21	0.51
2009-1-8	0.12	0.18	0.47
2009-1-9	0.42	0.13	0.58
2009-1-10	0.37	0.09	0.65
2009-1-11	0.29	0.11	0.6
2009-1-12	0.22	0.26	0.59
2009-1-13	0.17	0.24	0.62
2009-1-14	0.14	0.11	0.46
2009-1-15	0.11	0.07	0.34
2009-1-16	0.09	0.05	0.28
2009-1-17	0.07	0.04	0.25
2009-1-18	0.09	0.06	0.35
2009-1-19	0.14	0.14	0.55
2009-1-20	0.12	0.12	0.47
2009-1-21	0.08	0.07	0.33
2009-1-22	0.06	0.05	0.27
2009-1-23	0.08	0.05	0.25
2009-1-24	0.07	0.06	0.29
2009-1-25	0.07	0.08	0.29
2009-1-26	0.07	0.08	0.28
2009-1-27	0.08	0.08	0.27
2009-1-28	0.21	0.14	0.39
2009-1-29	0.21	0.25	0.6
2009-1-30	0.16	0.14	0.46
2009-1-31	0.12	0.08	0.33
2009-2-1	0.09	0.05	0.27
2009-2-2	0.07	0.05	0.24
2009-2-3	0.06	0.05	0.22
2009-2-4	0.05	0.04	0.19
2009-2-5	0.04	0.03	0.16
2009-2-6	0.03	0.03	0.14
2009-2-7	0.03	0.03	0.14
2009-2-8	0.03	0.03	0.14
2009-2-9	0.03	0.03	0.14
2009-2-10	0.03	0.04	0.14
2009-2-11	0.04	0.04	0.14
2009-2-12	0.04	0.05	0.14
2009-2-13	0.03	0.05	0.15
2009-2-14	0.04	0.05	0.16
2009-2-15	0.04	0.05	0.16
2009-2-16	0.04	0.05	0.16
2009-2-17	0.03	0.04	0.14
2009-2-18	0.04	0.03	0.13
2009-2-19	0.05	0.05	0.15
2009-2-20	0.04	0.04	0.14
2009-2-21	0.03	0.03	0.12
2009-2-22	0.03	0.03	0.11
2009-2-23	0.02	0.02	0.09
2009-2-24	0.02	0.02	0.08
2009-2-25	0.02	0.02	0.08
2009-2-26	0.02	0.08	0.12
2009-2-27	0.02	0.14	0.32
2009-2-28	0.08	0.1	0.34
2009-3-1	0.72	1.2	3.74
2009-3-2	0.38	0.62	1.68
2009-3-3	0.18	0.24	0.89
2009-3-4	0.11	0.13	0.58
2009-3-5	0.09	0.1	0.47
2009-3-6	0.08	0.21	0.49
2009-3-7	0.07	0.2	0.56
2009-3-8	0.07	0.11	0.42
2009-3-9	0.07	0.09	0.36
2009-3-10	0.06	0.09	0.34
2009-3-11	0.06	0.08	0.32
2009-3-12	0.05	0.08	0.3
2009-3-13	0.05	0.07	0.29
2009-3-14	0.05	0.07	0.28
2009-3-15	0.08	0.09	0.34
2009-3-16	0.3	0.48	0.96
2009-3-17	0.36	0.54	1.22
2009-3-18	0.35	0.32	0.99
2009-3-19	0.25	0.19	0.72
2009-3-20	0.19	0.14	0.56
2009-3-21	0.14	0.11	0.45
2009-3-22	0.11	0.08	0.38
2009-3-23	0.09	0.07	0.33
2009-3-24	0.06	0.06	0.29
2009-3-25	0.05	0.06	0.27
2009-3-26	0.04	0.07	0.26
2009-3-27	0.07	0.1	0.35
2009-3-28	4.89	7.01	22.22
2009-3-29	3.98	6.76	19.13
2009-3-30	1.24	3.02	6.08
2009-3-31	1.67	3.55	7.23
2009-4-1	5	8.46	21.71
2009-4-2	6.85	10.96	28.25
2009-4-3	4.76	9.71	25.88
2009-4-4	1.42	4.23	7.11
2009-4-5	1.66	4.2	7.54
2009-4-6	1.93	4.91	9.22
2009-4-7	0.89	2.26	4.4
2009-4-8	0.61	1.19	2.39
2009-4-9	0.62	0.99	2.03
2009-4-10	0.5	0.91	1.82
2009-4-11	0.44	0.72	1.49
2009-4-12	0.39	0.67	1.36
2009-4-13	1.31	2.09	4.97
2009-4-14	2.59	4.69	10.58
2009-4-15	1.04	2.01	4.39
2009-4-16	0.55	1.24	2.23
2009-4-17	0.43	1.05	1.72
2009-4-18	0.37	1.14	1.75
2009-4-19	0.34	0.82	1.51
2009-4-20	0.32	0.62	1.29
2009-4-21	0.28	0.49	1.07
2009-4-22	0.24	0.38	0.93
2009-4-23	0.23	0.33	0.85
2009-4-24	0.2	0.31	0.78
2009-4-25	0.18	0.3	0.71
2009-4-26	0.16	0.27	0.65
2009-4-27	0.14	0.24	0.59
2009-4-28	0.13	0.21	0.55
2009-4-29	0.14	0.2	0.52
2009-4-30	0.11	0.17	0.47
2009-5-1	0.09	0.15	0.41
2009-5-2	0.08	0.14	0.38
2009-5-3	0.07	0.13	0.35
2009-5-4	0.07	0.11	0.33
2009-5-5	0.13	0.21	0.46
2009-5-6	0.14	0.23	0.56
2009-5-7	0.11	0.17	0.46
2009-5-8	0.1	0.16	0.42
2009-5-9	0.08	0.12	0.35
2009-5-10	0.06	0.09	0.27
2009-5-11	0.04	0.06	0.21
2009-5-12	0.03	0.05	0.16
2009-5-13	0.02	0.04	0.14
2009-5-14	0.02	0.03	0.12
2009-5-15	0.02	0.04	0.1
2009-5-16	0.08	0.13	0.24
2009-5-17	0.3	0.57	0.92
2009-5-18	0.19	0.35	0.83
2009-5-19	0.12	0.17	0.55
2009-5-20	0.07	0.09	0.37
2009-5-21	0.07	0.17	0.37
2009-5-22	0.17	0.5	0.84
2009-5-23	0.31	0.57	1.17
2009-5-24	0.34	0.48	1.21
2009-5-25	0.21	0.27	0.87
2009-5-26	0.19	0.24	0.73
2009-5-27	0.45	0.54	1.17
2009-5-28	0.35	0.36	1.24
2009-5-29	0.19	0.23	0.74
2009-5-30	0.12	0.18	0.55
2009-5-31	0.08	0.13	0.42
2009-6-1	0.05	0.08	0.32
2009-6-2	0.03	0.05	0.25
2009-6-3	0.02	0.03	0.2
2009-6-4	0.17	0.22	0.53
2009-6-5	0.57	0.85	1.73
2009-6-6	1.03	1.71	3.75
2009-6-7	0.66	0.79	2.25
2009-6-8	0.33	0.42	1.24
2009-6-9	0.18	0.49	0.9
2009-6-10	0.12	0.5	0.84
2009-6-11	0.09	0.41	0.75
2009-6-12	0.07	0.18	0.53
2009-6-13	0.06	0.1	0.39
2009-6-14	0.07	0.1	0.38
2009-6-15	0.06	0.11	0.39
2009-6-16	0.04	0.06	0.33
2009-6-17	0.03	0.04	0.25
2009-6-18	0.02	0.04	0.19
2009-6-19	0.02	0.02	0.14
2009-6-20	0.01	0.01	0.11
2009-6-21	0.01	0	0.08
2009-6-22	0.01	0	0.06
2009-6-23	0.01	0	0.03
2009-6-24	0	0	0.01
2009-6-25	0	0	0
2009-6-26	0	0	0
2009-6-27	0	0	0
2009-6-28	0	0	0
2009-6-29	0	0	0
2009-6-30	0	0	0
2009-7-1	0	0	0
2009-7-2	0	0	0
2009-7-3	0	0	0
2009-7-4	0	0	0
2009-7-5	0	0	0
2009-7-6	0.01	0	0
2009-7-7	0.05	0	0
2009-7-8	0.03	0	0.03
2009-7-9	0.02	0	0.1
2009-7-10	0.01	0	0.06
2009-7-11	0.01	0	0.02
2009-7-12	0	0	0.01
2009-7-13	0	0	0
2009-7-14	0	0	0
2009-7-15	0	0	0
2009-7-16	0	0	0
2009-7-17	0.03	0	0
2009-7-18	0.04	0	0
2009-7-19	0.02	0	0
2009-7-20	0.01	0	0
2009-7-21	0.01	0	0
2009-7-22	0	0	0
2009-7-23	0	0	0
2009-7-24	0	0	0
2009-7-25	0	0	0
2009-7-26	0	0	0
2009-7-27	0	0	0
2009-7-28	0	0	0
2009-7-29	0	0	0
2009-7-30	0	0	0
2009-7-31	0.01	0	0
2009-8-1	0.02	0	0
2009-8-2	0.03	0	0
2009-8-3	0.02	0	0
2009-8-4	0.01	0	0
2009-8-5	0.01	0	0
2009-8-6	0.01	0	0
2009-8-7	0.01	0	0
2009-8-8	0.01	0	0
2009-8-9	0.01	0	0
2009-8-10	0.01	0	0
2009-8-11	0	0	0
2009-8-12	0.2	0	0
2009-8-13	0.39	0.4	1.18
2009-8-14	0.07	0.22	0.91
2009-8-15	0.05	0.11	0.63
2009-8-16	0.07	0.23	0.68
2009-8-17	0.1	0.49	1.06
2009-8-18	0.06	0.32	0.89
2009-8-19	0.05	0.35	0.72
2009-8-20	0.05	0.46	0.89
2009-8-21	0.05	0.39	0.82
2009-8-22	0.04	0.17	0.61
2009-8-23	0.03	0.09	0.41
2009-8-24	0.02	0.06	0.3
2009-8-25	0.02	0.04	0.23
2009-8-26	0.02	0.03	0.19
2009-8-27	0.02	0.03	0.19
2009-8-28	0.13	0.2	0.64
2009-8-29	0.08	1.18	1.42
2009-8-30	0.06	0.41	0.96
2009-8-31	0.1	0.5	0.9
2009-9-1	0.06	0.41	0.88
2009-9-2	0.05	0.33	0.73
2009-9-3	0.03	0.22	0.58
2009-9-4	0.02	0.37	0.56
2009-9-5	0.02	0.4	0.71
2009-9-6	0.01	0.19	0.52
2009-9-7	0.01	0.09	0.33
2009-9-8	0.01	0.06	0.24
2009-9-9	0	0.04	0.19
2009-9-10	0.01	0.04	0.17
2009-9-11	0.01	0.06	0.13
2009-9-12	0	0.05	0.12
2009-9-13	0	0.04	0.14
2009-9-14	0	0.03	0.11
2009-9-15	0	0.02	0.08
2009-9-16	0	0.01	0.05
2009-9-17	0	0	0.04
2009-9-18	0.01	0.02	0.05
2009-9-19	0	0.05	0.04
2009-9-20	0.02	0.32	0.22
2009-9-21	0.01	0.49	0.85
2009-9-22	0	0.22	0.6
2009-9-23	0	0.14	0.41
2009-9-24	0	0.1	0.35
2009-9-25	0	0.08	0.37
2009-9-26	0	0.06	0.29
2009-9-27	0	0.05	0.26
2009-9-28	0	0.04	0.19
2009-9-29	0	0.02	0.15
2009-9-30	0	0.01	0.11
2009-10-1	0	0	0.07
2009-10-2	0.14	0	0.04
2009-10-3	0.12	0	0.52
2009-10-4	0.03	0	0.41
2009-10-5	0.05	0	0.43
2009-10-6	0.05	0.1	0.58
2009-10-7	0.03	0.11	0.74
2009-10-8	0.01	0.08	0.57
2009-10-9	0.01	0.06	0.41
2009-10-10	0	0.05	0.31
2009-10-11	0	0.03	0.25
2009-10-12	0	0.03	0.2
2009-10-13	0.02	0.01	0.16
2009-10-14	0.07	0.02	0.16
2009-10-15	0.12	0.14	0.32
2009-10-16	0.61	0.73	1.29
2009-10-17	0.48	0.5	1.54
2009-10-18	0.18	0.15	0.68
2009-10-19	0.09	0.18	0.57
2009-10-20	0.06	0.09	0.47
2009-10-21	0.04	0.03	0.32
2009-10-22	0.03	0.02	0.24
2009-10-23	0.02	0.03	0.21
2009-10-24	0.02	0.03	0.2
2009-10-25	0.01	0.02	0.17
2009-10-26	0.01	0.01	0.16
2009-10-27	0.06	0.04	0.25
2009-10-28	0.15	0.2	0.62
2009-10-29	0.14	0.13	0.58
2009-10-30	0.1	0.07	0.4
2009-10-31	0.08	0.06	0.31
2009-11-1	0.06	0.05	0.25
2009-11-2	0.04	0.03	0.22
2009-11-3	0.03	0.02	0.18
2009-11-4	0.02	0.02	0.14
2009-11-5	0.02	0.01	0.12
2009-11-6	0.02	0.01	0.09
2009-11-7	0.01	0	0.07
2009-11-8	0.01	0	0.06
2009-11-9	0.01	0	0.05
2009-11-10	0.08	0.05	0.16
2009-11-11	0.3	0.41	0.84
2009-11-12	0.28	0.26	0.87
2009-11-13	0.16	0.1	0.5
2009-11-14	0.1	0.06	0.32
2009-11-15	0.07	0.04	0.23
2009-11-16	0.06	0.03	0.19
2009-11-17	0.05	0.02	0.15
2009-11-18	0.05	0.02	0.13
2009-11-19	0.04	0.03	0.11
2009-11-20	0.04	0.1	0.17
2009-11-21	0.04	0.05	0.18
2009-11-22	0.19	0.09	0.33
2009-11-23	0.23	0.18	0.49
2009-11-24	0.19	0.09	0.38
2009-11-25	0.14	0.07	0.25
2009-11-26	0.11	0.05	0.19
2009-11-27	0.09	0.02	0.13
2009-11-28	0.07	0.01	0.1
2009-11-29	0.06	0.01	0.08
2009-11-30	0.06	0.01	0.07
2009-12-1	0.05	0.01	0.06
2009-12-2	0.52	0.34	0.67
2009-12-3	0.85	0.97	1.74
2009-12-4	0.44	0.31	0.94
2009-12-5	0.25	0.31	0.6
2009-12-6	0.19	0.36	0.61
2009-12-7	0.17	0.23	0.46
2009-12-8	0.17	0.2	0.42
2009-12-9	0.33	0.21	0.56
2009-12-10	0.44	0.41	0.8
2009-12-11	0.27	0.15	0.5
2009-12-12	0.23	0.13	0.38
2009-12-13	2.1	2.33	4.72
2009-12-14	1.3	1.38	3
2009-12-15	2.25	3.31	5.99
2009-12-16	1.25	2.06	3.44
2009-12-17	0.62	1.13	1.67
2009-12-18	1.6	2.65	4.32
2009-12-19	2.15	3.34	7.27
2009-12-20	0.83	1.38	2.12
2009-12-21	0.53	0.71	1.37
2009-12-22	0.44	0.58	1.11
2009-12-23	0.38	0.39	0.9
2009-12-24	0.37	0.31	0.76
2009-12-25	1.33	1.63	2.77
2009-12-26	1.07	1.18	2.46
2009-12-27	0.71	0.52	1.32
2009-12-28	0.59	0.38	1.05
2009-12-29	0.44	0.31	0.84
2009-12-30	0.34	0.25	0.68
2009-12-31	0.46	0.51	0.97
2010-1-1	0.48	0.53	1.12
2010-1-2	0.36	0.38	0.82
2010-1-3	0.3	0.26	0.65
2010-1-4	0.27	0.19	0.55
2010-1-5	0.26	0.14	0.47
2010-1-6	0.24	0.1	0.42
2010-1-7	0.24	0.08	0.41
2010-1-8	0.24	0.08	0.4
2010-1-9	0.22	0.07	0.35
2010-1-10	0.2	0.05	0.3
2010-1-11	0.19	0.05	0.28
2010-1-12	0.19	0.1	0.31
2010-1-13	0.18	0.19	0.44
2010-1-14	0.18	0.13	0.37
2010-1-15	0.19	0.13	0.35
2010-1-16	0.39	0.2	0.51
2010-1-17	2.25	2.36	5.77
2010-1-18	0.84	0.62	1.63
2010-1-19	0.55	0.36	0.96
2010-1-20	0.54	0.25	0.81
2010-1-21	6.24	7.86	22.02
2010-1-22	2.23	4.35	8.9
2010-1-23	0.91	2.24	2.3
2010-1-24	0.8	1.81	1.84
2010-1-25	0.88	1.22	1.78
2010-1-26	0.66	0.74	1.29
2010-1-27	0.44	0.54	0.95
2010-1-28	0.38	0.37	0.76
2010-1-29	0.37	0.31	0.64
2010-1-30	1.43	1.74	2.74
2010-1-31	1.2	1.36	2.55
2010-2-1	0.59	0.58	1.19
2010-2-2	0.53	0.54	1.02
2010-2-3	0.5	0.62	1.01
2010-2-4	0.41	0.5	0.84
2010-2-5	1.09	1.47	2.23
2010-2-6	1.45	2.03	3.28
2010-2-7	0.65	0.83	1.37
2010-2-8	0.65	0.71	1.18
2010-2-9	0.62	0.54	1.04
2010-2-10	0.52	0.49	0.94
2010-2-11	0.38	0.27	0.62
2010-2-12	0.47	0.33	0.71
2010-2-13	0.76	0.68	1.34
2010-2-14	0.5	0.42	0.92
2010-2-15	0.42	0.33	0.7
2010-2-16	0.44	0.34	0.73
2010-2-17	0.35	0.28	0.56
2010-2-18	0.31	0.31	0.55
2010-2-19	0.28	0.29	0.49
2010-2-20	0.27	0.28	0.46
2010-2-21	0.26	0.18	0.39
2010-2-22	0.44	0.31	0.69
2010-2-23	0.54	0.43	0.93
2010-2-24	0.34	0.22	0.54
2010-2-25	0.28	0.16	0.41
2010-2-26	0.24	0.14	0.32
2010-2-27	0.23	0.14	0.3
2010-2-28	0.21	0.12	0.26
2010-3-1	0.2	0.11	0.24
2010-3-2	0.41	0.3	0.54
2010-3-3	0.44	0.3	0.7
2010-3-4	0.27	0.24	0.42
2010-3-5	0.35	0.22	0.41
2010-3-6	0.33	0.2	0.39
2010-3-7	0.2	0.13	0.28
2010-3-8	0.2	0.16	0.37
2010-3-9	0.22	0.22	0.67
2010-3-10	0.22	0.22	0.66
2010-3-11	0.42	0.49	1.08
2010-3-12	0.89	1.04	2.34
2010-3-13	0.69	0.93	2.56
2010-3-14	0.39	0.45	1.24
2010-3-15	0.3	0.36	0.95
2010-3-16	0.26	0.32	0.85
2010-3-17	0.34	0.58	1.09
2010-3-18	0.53	1.01	1.77
2010-3-19	0.37	0.68	1.39
2010-3-20	0.28	0.38	0.98
2010-3-21	0.35	0.42	1.05
2010-3-22	0.4	0.5	1.22
2010-3-23	0.3	0.29	0.88
2010-3-24	0.25	0.24	0.74
2010-3-25	0.23	0.23	0.68
2010-3-26	0.22	0.24	0.68
2010-3-27	0.2	0.21	0.61
2010-3-28	0.2	0.21	0.6
2010-3-29	0.2	0.24	0.64
2010-3-30	0.19	0.19	0.56
2010-3-31	0.17	0.16	0.51
2010-4-1	0.15	0.15	0.47
2010-4-2	0.13	0.15	0.44
2010-4-3	0.12	0.14	0.41
2010-4-4	0.11	0.14	0.38
2010-4-5	0.1	0.14	0.35
2010-4-6	0.09	0.13	0.32
2010-4-7	0.08	0.13	0.29
2010-4-8	0.37	0.45	0.68
2010-4-9	1.39	2.72	4.69
2010-4-10	0.46	0.72	1.58
2010-4-11	0.24	0.58	0.93
2010-4-12	0.19	0.58	0.89
2010-4-13	0.16	0.5	0.76
2010-4-14	0.13	0.43	0.68
2010-4-15	0.11	0.22	0.47
2010-4-16	0.11	0.17	0.39
2010-4-17	0.09	0.13	0.33
2010-4-18	0.08	0.11	0.27
2010-4-19	0.07	0.09	0.22
2010-4-20	0.38	0.44	0.85
2010-4-21	1.8	4.32	7.62
2010-4-22	0.75	0.89	2.33
2010-4-23	0.46	0.54	1.21
2010-4-24	0.46	0.78	1.29
2010-4-25	1.69	4.01	5.47
2010-4-26	1.03	2.42	4.54
2010-4-27	0.42	1.2	1.65
2010-4-28	0.32	0.91	1.31
2010-4-29	0.26	0.71	1.11
2010-4-30	0.23	0.46	0.92
2010-5-1	0.26	0.46	0.94
2010-5-2	0.24	0.41	0.84
2010-5-3	0.31	0.46	0.91
2010-5-4	4.01	7.25	15.08
2010-5-5	2.01	4.37	8.67
2010-5-6	0.8	3.09	4.09
2010-5-7	0.53	2.24	2.56
2010-5-8	0.42	1.45	1.7
2010-5-9	0.36	1.19	1.43
2010-5-10	0.31	0.61	1.05
2010-5-11	0.28	0.43	0.82
2010-5-12	0.26	0.38	0.74
2010-5-13	0.24	0.36	0.67
2010-5-14	0.21	0.34	0.62
2010-5-15	0.19	0.31	0.56
2010-5-16	0.19	0.28	0.53
2010-5-17	0.34	0.68	0.87
2010-5-18	0.41	0.63	1.11
2010-5-19	0.44	0.67	1
2010-5-20	0.26	0.38	0.72
2010-5-21	0.18	0.25	0.5
2010-5-22	0.15	0.2	0.41
2010-5-23	0.18	0.17	0.52
2010-5-24	0.14	0.12	0.33
2010-5-25	0.11	0.09	0.26
2010-5-26	0.12	0.08	0.22
2010-5-27	0.1	0.08	0.21
2010-5-28	0.07	0.05	0.15
2010-5-29	0.07	0.03	0.12
2010-5-30	0.13	0.06	0.26
2010-5-31	0.14	0.12	0.29
2010-6-1	0.12	0.11	0.28
2010-6-2	0.09	0.09	0.25
2010-6-3	0.07	0.07	0.18
2010-6-4	0.07	0.06	0.14
2010-6-5	0.06	0.04	0.11
2010-6-6	0.07	0.03	0.14
2010-6-7	0.19	0.14	0.26
2010-6-8	0.12	0.1	0.27
2010-6-9	0.06	0.03	0.13
2010-6-10	0.04	0.01	0.07
2010-6-11	0.02	0	0.05
2010-6-12	0.02	0	0.02
2010-6-13	0.01	0	0.01
2010-6-14	0.01	0	0
2010-6-15	0.09	0	0
2010-6-16	0.43	0.21	0.53
2010-6-17	0.21	0.11	0.44
2010-6-18	0.11	0.06	0.23
2010-6-19	0.07	0.02	0.12
2010-6-20	0.05	0.01	0.11
2010-6-21	0.04	0.01	0.12
2010-6-22	0.03	0	0.05
2010-6-23	0.02	0	0.03
2010-6-24	0.03	0	0.05
2010-6-25	0.05	0	0.05
2010-6-26	0.04	0	0.06
2010-6-27	0.03	0	0.03
2010-6-28	0.03	0	0.01
2010-6-29	0.03	0	0
2010-6-30	0.04	0	0
2010-7-1	0.03	0	0
2010-7-2	0.05	0	0
2010-7-3	0.02	0	0
2010-7-4	0.01	0	0
2010-7-5	0	0	0
2010-7-6	0	0	0
2010-7-7	0	0	0
2010-7-8	0	0	0
2010-7-9	0	0	0
2010-7-10	0	0	0
2010-7-11	0	0	0
2010-7-12	0.07	0	0.08
2010-7-13	0.06	0	0.34
2010-7-14	0.04	0	0.23
2010-7-15	0.03	0	0.24
2010-7-16	0.02	0	0.13
2010-7-17	0.01	0	0.09
2010-7-18	0	0	0.05
2010-7-19	0	0	0.02
2010-7-20	0	0	0.01
2010-7-21	0	0	0
2010-7-22	0	0	0
2010-7-23	0	0	0
2010-7-24	0	0	0
2010-7-25	0	0	0
2010-7-26	0	0	0
2010-7-27	0	0	0
2010-7-28	0	0	0
2010-7-29	0	0	0
2010-7-30	0	0	0
2010-7-31	0	0	0
2010-8-1	0.01	0	0
2010-8-2	0.17	0	0.22
2010-8-3	0.04	0	0.2
2010-8-4	0.03	0	0.55
2010-8-5	0.02	0	0.3
2010-8-6	0.01	0	0.21
2010-8-7	0.28	0	0.39
2010-8-8	0.24	0	1.4
2010-8-9	0.08	0	0.45
2010-8-10	0.05	0	0.27
2010-8-11	0.04	0	0.19
2010-8-12	0.04	0	0.14
2010-8-13	0.03	0	0.13
2010-8-14	0.06	0	0.32
2010-8-15	0.57	0	1.24
2010-8-16	0.57	0.29	3.13
2010-8-17	0.34	0.03	1.18
2010-8-18	0.18	0.01	0.63
2010-8-19	0.12	0	0.46
2010-8-20	0.09	0	0.35
2010-8-21	0.06	0	0.28
2010-8-22	0.05	0	0.26
2010-8-23	0.07	0.02	0.53
2010-8-24	0.29	0	0.54
2010-8-25	0.34	0	0.98
2010-8-26	0.19	0	0.42
2010-8-27	0.18	0	0.36
2010-8-28	0.15	0.02	0.58
2010-8-29	0.12	0	0.49
2010-8-30	0.1	0	0.37
2010-8-31	0.08	0.02	0.46
2010-9-1	0.07	0	0.38
2010-9-2	0.06	0	0.21
2010-9-3	0.05	0	0.13
2010-9-4	0.04	0	0.08
2010-9-5	0.02	0	0.04
2010-9-6	0.02	0	0.02
2010-9-7	0.02	0	0.01
2010-9-8	0.02	0	0.01
2010-9-9	0.01	0	0
2010-9-10	0	0	0
2010-9-11	0	0	0
2010-9-12	0.03	0	0
2010-9-13	0.02	0	0
2010-9-14	0.01	0	0
2010-9-15	0	0	0
2010-9-16	0	0	0
2010-9-17	0	0	0
2010-9-18	0	0	0
2010-9-19	0	0	0
2010-9-20	0	0	0
2010-9-21	0	0	0
2010-9-22	0	0	0
2010-9-23	0	0	0
2010-9-24	0	0	0
2010-9-25	0	0	0
2010-9-26	0	0	0
2010-9-27	0	0	0
2010-9-28	0	0	0
2010-9-29	0	0	0
2010-9-30	0	0	0
2010-10-1	0	0	0
2010-10-2	0	0	0
2010-10-3	0	0	0
2010-10-4	0	0	0
2010-10-5	0	0	0
2010-10-6	0	0	0
2010-10-7	0	0	0
2010-10-8	0	0	0
2010-10-9	0	0	0
2010-10-10	0	0	0
2010-10-11	0	0	0
2010-10-12	0	0	0
2010-10-13	0	0	0
2010-10-14	0	0	0
2010-10-15	0	0	0
2010-10-16	0	0	0
2010-10-17	0	0	0
2010-10-18	0	0	0
2010-10-19	0	0	0
2010-10-20	0	0	0
2010-10-21	0	0	0
2010-10-22	0	0	0
2010-10-23	0	0	0
2010-10-24	0	0	0
2010-10-25	0	0	0
2010-10-26	0	0	0
2010-10-27	0	0	0
2010-10-28	0	0	0
2010-10-29	0	0	0
2010-10-30	0	0	0
2010-10-31	0	0	0
2010-11-1	0	0	0
2010-11-2	0	0	0
2010-11-3	0	0	0
2010-11-4	0	0	0
2010-11-5	0	0	0
2010-11-6	0	0	0
2010-11-7	0	0	0
2010-11-8	0	0	0
2010-11-9	0	0	0
2010-11-10	0	0	0
2010-11-11	0	0	0
2010-11-12	0	0	0
2010-11-13	0	0	0
2010-11-14	0	0	0
2010-11-15	0	0	0
2010-11-16	0	0	0
2010-11-17	0	0	0
2010-11-18	0	0	0
2010-11-19	0	0	0
2010-11-20	0	0	0
2010-11-21	0	0	0
2010-11-22	0	0	0
2010-11-23	0	0	0
2010-11-24	0	0	0
2010-11-25	0	0	0
2010-11-26	0	0	0
2010-11-27	0	0	0
2010-11-28	0	0	0
2010-11-29	0	0	0
2010-11-30	0	0	0
2010-12-1	0	0	0
2010-12-2	0	0	0
2010-12-3	0	0	0
2010-12-4	0	0	0
2010-12-5	0	0	0
2010-12-6	0	0	0
2010-12-7	0	0	0
2010-12-8	0	0	0
2010-12-9	0	0	0
2010-12-10	0	0	0
2010-12-11	0	0	0
2010-12-12	0	0	0
2010-12-13	0	0	0
2010-12-14	0	0	0
2010-12-15	0	0	0
2010-12-16	0	0	0
2010-12-17	0	0	0
2010-12-18	0	0	0
2010-12-19	0	0	0
2010-12-20	0	0	0
2010-12-21	0	0	0
2010-12-22	0	0	0
2010-12-23	0	0	0
2010-12-24	0	0	0
2010-12-25	0	0	0
2010-12-26	0	0	0
2010-12-27	0	0	0
2010-12-28	0	0	0
2010-12-29	0	0	0
2010-12-30	0	0	0
2010-12-31	0	0	0
2011-1-1	0	0	0
2011-1-2	0	0	0
2011-1-3	0	0	0
2011-1-4	0	0	0
2011-1-5	0.01	0	0
2011-1-6	0	0	0
2011-1-7	0	0	0
2011-1-8	0	0	0
2011-1-9	0	0	0
2011-1-10	0.01	0	0
2011-1-11	0	0	0
2011-1-12	0	0	0.01
2011-1-13	0	0	0.01
2011-1-14	0	0	0.01
2011-1-15	0	0	0.01
2011-1-16	0	0	0.01
2011-1-17	0	0	0.02
2011-1-18	0	0	0.05
2011-1-19	0.03	0	0.18
2011-1-20	0.01	0	0.12
2011-1-21	0.01	0.01	0.09
2011-1-22	0.01	0.02	0.09
2011-1-23	0	0.02	0.07
2011-1-24	0	0.01	0.06
2011-1-25	0.06	0.1	0.27
2011-1-26	0.03	0.22	0.47
2011-1-27	0.01	0.09	0.29
2011-1-28	0.01	0.06	0.2
2011-1-29	0.01	0.05	0.16
2011-1-30	0.01	0.04	0.14
2011-1-31	0.01	0.04	0.16
2011-2-1	0.02	0.06	0.19
2011-2-2	0.25	0.4	1.02
2011-2-3	0.12	0.4	0.85
2011-2-4	0.19	0.37	0.84
2011-2-5	0.31	0.98	1.54
2011-2-6	0.2	0.78	1.32
2011-2-7	0.22	0.5	1.02
2011-2-8	0.3	0.81	1.49
2011-2-9	0.28	0.54	1.22
2011-2-10	0.29	0.37	1
2011-2-11	0.24	0.32	0.88
2011-2-12	0.21	0.29	0.77
2011-2-13	0.17	0.24	0.69
2011-2-14	0.16	0.25	0.63
2011-2-15	0.14	0.21	0.6
2011-2-16	0.14	0.17	0.54
2011-2-17	0.13	0.16	0.53
2011-2-18	0.13	0.18	0.53
2011-2-19	0.14	0.2	0.56
2011-2-20	0.13	0.14	0.49
2011-2-21	0.13	0.13	0.46
2011-2-22	0.12	0.12	0.45
2011-2-23	0.11	0.11	0.43
2011-2-24	0.1	0.1	0.4
2011-2-25	0.19	0.2	0.6
2011-2-26	0.23	0.37	0.89
2011-2-27	0.2	0.2	0.71
2011-2-28	0.17	0.14	0.57
2011-3-1	0.35	0.38	1.13
2011-3-2	0.3	0.3	1.01
2011-3-3	0.21	0.18	0.73
2011-3-4	0.17	0.13	0.57
2011-3-5	0.15	0.12	0.52
2011-3-6	0.2	0.35	0.75
2011-3-7	0.22	0.41	0.91
2011-3-8	0.18	0.38	0.85
2011-3-9	0.28	0.25	0.85
2011-3-10	0.56	0.65	1.69
2011-3-11	0.38	0.33	1.23
2011-3-12	0.25	0.19	0.79
2011-3-13	0.19	0.14	0.63
2011-3-14	0.16	0.12	0.55
2011-3-15	0.13	0.1	0.5
2011-3-16	0.12	0.09	0.46
2011-3-17	0.1	0.08	0.42
2011-3-18	0.1	0.07	0.39
2011-3-19	0.08	0.07	0.38
2011-3-20	0.08	0.06	0.35
2011-3-21	0.07	0.05	0.33
2011-3-22	0.07	0.05	0.32
2011-3-23	0.07	0.04	0.3
2011-3-24	0.06	0.03	0.28
2011-3-25	0.05	0.02	0.24
2011-3-26	0.05	0.02	0.22
2011-3-27	0.06	0.03	0.24
2011-3-28	0.08	0.04	0.28
2011-3-29	0.09	0.04	0.31
2011-3-30	0.31	0.23	0.76
2011-3-31	0.51	0.49	1.45
2011-4-1	0.3	0.2	1
2011-4-2	0.18	0.1	0.6
2011-4-3	0.13	0.06	0.43
2011-4-4	0.09	0.08	0.37
2011-4-5	0.56	0.58	1.54
2011-4-6	0.46	0.47	1.58
2011-4-7	0.24	0.15	0.84
2011-4-8	0.15	0.22	0.65
2011-4-9	0.11	0.23	0.66
2011-4-10	0.09	0.17	0.6
2011-4-11	0.08	0.06	0.43
2011-4-12	0.07	0.04	0.3
2011-4-13	0.06	0.05	0.29
2011-4-14	0.05	0.02	0.25
2011-4-15	0.04	0.01	0.2
2011-4-16	0.04	0.01	0.16
2011-4-17	0.03	0	0.13
2011-4-18	0.02	0	0.1
2011-4-19	0.02	0	0.08
2011-4-20	0.02	0	0.06
2011-4-21	0.02	0	0.04
2011-4-22	0.01	0	0.03
2011-4-23	0.01	0	0.02
2011-4-24	0.01	0	0.01
2011-4-25	0.01	0	0
2011-4-26	0.01	0	0
2011-4-27	0.01	0	0
2011-4-28	0.01	0	0
2011-4-29	0.01	0	0
2011-4-30	0.01	0	0
2011-5-1	0	0	0
2011-5-2	0	0	0
2011-5-3	0	0	0
2011-5-4	0	0	0
2011-5-5	0	0	0
2011-5-6	0	0	0
2011-5-7	0	0	0
2011-5-8	0	0	0
2011-5-9	0	0	0
2011-5-10	0	0	0
2011-5-11	0	0	0
2011-5-12	0	0	0
2011-5-13	0	0	0
2011-5-14	0	0	0
2011-5-15	0	0	0
2011-5-16	0	0	0
2011-5-17	0	0	0
2011-5-18	0	0	0
2011-5-19	0	0	0
2011-5-20	0	0	0
2011-5-21	0	0	0
2011-5-22	0	0	0
2011-5-23	0	0	0
2011-5-24	0	0	0
2011-5-25	0	0	0
2011-5-26	0	0	0
2011-5-27	0	0	0
2011-5-28	0	0	0
2011-5-29	0	0	0
2011-5-30	0	0	0
2011-5-31	0	0	0
2011-6-1	0	0	0
2011-6-2	0	0	0
2011-6-3	0	0	0
2011-6-4	0	0	0
2011-6-5	0	0	0
2011-6-6	0	0	0
2011-6-7	0	0	0
2011-6-8	0	0	0
2011-6-9	0	0	0
2011-6-10	0	0	0
2011-6-11	0	0	0
2011-6-12	0	0	0
2011-6-13	0	0	0
2011-6-14	0	0	0
2011-6-15	0	0	0
2011-6-16	0	0	0
2011-6-17	0	0	0
2011-6-18	0	0	0
2011-6-19	0	0	0
2011-6-20	0	0	0
2011-6-21	0	0	0
2011-6-22	0	0	0
2011-6-23	0	0	0
2011-6-24	0	0	0
2011-6-25	0	0	0
2011-6-26	0	0	0
2011-6-27	0	0	0
2011-6-28	0.05	0	0
2011-6-29	0.07	0	0
2011-6-30	0.02	0	0
2011-7-1	0.02	0	0
2011-7-2	0.01	0	0
2011-7-3	0.01	0	0
2011-7-4	0.01	0	0
2011-7-5	0	0	0
2011-7-6	0	0	0
2011-7-7	0.03	0	0
2011-7-8	0.05	0	0
2011-7-9	0.06	0	0
2011-7-10	0.06	0	0
2011-7-11	0.03	0	0
2011-7-12	0.02	0	0
2011-7-13	0.02	0	0
2011-7-14	0.02	0	0
2011-7-15	0.02	0	0
2011-7-16	0.04	0	0
2011-7-17	0.04	0	0
2011-7-18	0.02	0	0
2011-7-19	0.02	0	0
2011-7-20	0.01	0	0
2011-7-21	0	0	0
2011-7-22	0	0	0
2011-7-23	0	0	0
2011-7-24	0	0	0
2011-7-25	0	0	0
2011-7-26	0	0	0
2011-7-27	0	0	0
2011-7-28	0	0	0
2011-7-29	0	0	0
2011-7-30	0	0	0
2011-7-31	0	0	0
2011-8-1	0	0	0
2011-8-2	0	0	0
2011-8-3	0	0	0
2011-8-4	0	0	0
2011-8-5	0.02	0	0
2011-8-6	0.04	0	0
2011-8-7	0.01	0	0
2011-8-8	0.01	0	0
2011-8-9	0	0	0
2011-8-10	0.01	0	0
2011-8-11	0.03	0	0
2011-8-12	0.03	0	0
2011-8-13	0.01	0	0
2011-8-14	0	0	0
2011-8-15	0	0	0
2011-8-16	0	0	0
2011-8-17	0	0	0
2011-8-18	0	0	0
2011-8-19	0	0	0
2011-8-20	0	0	0
2011-8-21	0	0	0
2011-8-22	0	0	0
2011-8-23	0	0	0
2011-8-24	0	0	0
2011-8-25	0	0	0
2011-8-26	0	0	0
2011-8-27	0	0	0
2011-8-28	0	0	0
2011-8-29	0	0	0
2011-8-30	0	0	0
2011-8-31	0	0	0
2011-9-1	0	0	0
2011-9-2	0	0	0
2011-9-3	0	0	0
2011-9-4	0	0	0
2011-9-5	0	0	0
2011-9-6	0	0	0
2011-9-7	0	0	0
2011-9-8	0	0	0
2011-9-9	0	0	0
2011-9-10	0	0	0
2011-9-11	0	0	0
2011-9-12	0	0	0
2011-9-13	0	0	0
2011-9-14	0	0	0
2011-9-15	0	0	0
2011-9-16	0	0	0
2011-9-17	0	0	0
2011-9-18	0	0	0
2011-9-19	0	0	0
2011-9-20	0	0	0
2011-9-21	0	0	0
2011-9-22	0	0	0
2011-9-23	0	0	0
2011-9-24	0	0	0
2011-9-25	0	0	0
2011-9-26	0	0	0
2011-9-27	0	0	0
2011-9-28	0	0	0
2011-9-29	0	0	0
2011-9-30	0	0	0
2011-10-1	0	0	0
2011-10-2	0	0	0
2011-10-3	0	0	0
2011-10-4	0	0	0
2011-10-5	0	0	0
2011-10-6	0	0	0
2011-10-7	0	0	0
2011-10-8	0	0	0
2011-10-9	0	0	0
2011-10-10	0	0	0
2011-10-11	0	0	0
2011-10-12	0	0	0
2011-10-13	0	0	0
2011-10-14	0	0	0
2011-10-15	0	0	0
2011-10-16	0	0	0
2011-10-17	0	0	0
2011-10-18	0	0	0
2011-10-19	0	0	0
2011-10-20	0	0	0
2011-10-21	0	0	0
2011-10-22	0	0	0
2011-10-23	0	0	0
2011-10-24	0	0	0
2011-10-25	0	0	0
2011-10-26	0	0	0
2011-10-27	0	0	0
2011-10-28	0	0	0
2011-10-29	0	0	0
2011-10-30	0	0	0
2011-10-31	0	0	0
2011-11-1	0	0	0
2011-11-2	0	0	0
2011-11-3	0	0	0
2011-11-4	0	0	0
2011-11-5	0	0	0
2011-11-6	0	0	0
2011-11-7	0	0	0
2011-11-8	0	0	0
2011-11-9	0	0	0
2011-11-10	0	0	0
2011-11-11	0	0	0
2011-11-12	0	0	0
2011-11-13	0	0	0
2011-11-14	0	0	0
2011-11-15	0	0	0
2011-11-16	0	0	0
2011-11-17	0	0	0
2011-11-18	0	0	0
2011-11-19	0	0	0
2011-11-20	0	0	0
2011-11-21	0	0	0
2011-11-22	0	0	0
2011-11-23	0	0	0
2011-11-24	0	0	0
2011-11-25	0	0	0
2011-11-26	0	0	0
2011-11-27	0	0	0
2011-11-28	0	0	0
2011-11-29	0	0	0
2011-11-30	0	0	0
2011-12-1	0	0	0
2011-12-2	0	0	0
2011-12-3	0	0	0
2011-12-4	0	0	0
2011-12-5	0	0	0
2011-12-6	0	0	0
2011-12-7	0	0	0
2011-12-8	0	0	0
2011-12-9	0	0	0
2011-12-10	0	0	0
2011-12-11	0	0	0
2011-12-12	0	0	0
2011-12-13	0	0	0
2011-12-14	0	0	0
2011-12-15	0	0	0
2011-12-16	0	0	0
2011-12-17	0	0	0
2011-12-18	0	0	0
2011-12-19	0	0	0
2011-12-20	0	0	0
2011-12-21	0	0	0
2011-12-22	0	0	0
2011-12-23	0.01	0	0
2011-12-24	0	0	0
2011-12-25	0	0	0
2011-12-26	0.01	0	0
2011-12-27	0.02	0	0
2011-12-28	0.01	0	0
2011-12-29	0.01	0	0
2011-12-30	0.01	0	0
2011-12-31	0.01	0	0
2012-1-1	0.01	0	0
2012-1-2	0.01	0	0
2012-1-3	0.01	0	0
2012-1-4	0.01	0	0
2012-1-5	0.01	0	0
2012-1-6	0.01	0	0
2012-1-7	0.01	0	0
2012-1-8	0.01	0	0
2012-1-9	0.01	0	0
2012-1-10	0.01	0	0
2012-1-11	0.02	0	0
2012-1-12	0.01	0	0
2012-1-13	0.01	0	0
2012-1-14	0.01	0	0
2012-1-15	0.01	0	0
2012-1-16	0.01	0	0
2012-1-17	0.01	0	0
2012-1-18	0.02	0	0
2012-1-19	0.01	0	0
2012-1-20	0.01	0	0
2012-1-21	0.02	0	0
2012-1-22	0.02	0	0
2012-1-23	0.02	0	0
2012-1-24	0.01	0	0
2012-1-25	0.01	0	0
2012-1-26	0.01	0	0
2012-1-27	0.03	0	0
2012-1-28	0.01	0	0
2012-1-29	0.01	0	0
2012-1-30	0.01	0	0
2012-1-31	0.01	0	0
2012-2-1	0.01	0	0
2012-2-2	0.02	0	0
2012-2-3	0.01	0	0
2012-2-4	0.01	0	0
2012-2-5	0.01	0	0
2012-2-6	0.01	0	0
2012-2-7	0.01	0	0
2012-2-8	0.01	0	0
2012-2-9	0.01	0	0
2012-2-10	0.01	0	0
2012-2-11	0.01	0	0
2012-2-12	0.01	0	0
2012-2-13	0.01	0	0
2012-2-14	0.01	0	0
2012-2-15	0.01	0	0
2012-2-16	0.01	0	0
2012-2-17	0.01	0	0
2012-2-18	0.02	0	0
2012-2-19	0.14	0	0.16
2012-2-20	0.03	0	0.11
2012-2-21	0.03	0	0.07
2012-2-22	0.03	0	0.07
2012-2-23	0.02	0	0.07
2012-2-24	0.02	0	0.07
2012-2-25	0.02	0	0.06
2012-2-26	0.02	0	0.05
2012-2-27	0.02	0	0.06
2012-2-28	0.02	0.01	0.07
2012-2-29	0.02	0.01	0.09
2012-3-1	0.01	0.01	0.07
2012-3-2	0.02	0.02	0.07
2012-3-3	0.12	0.04	0.25
2012-3-4	0.25	0.46	1.22
2012-3-5	0.07	0.5	1.02
2012-3-6	0.05	0.16	0.61
2012-3-7	0.05	0.1	0.43
2012-3-8	0.04	0.09	0.4
2012-3-9	0.04	0.08	0.37
2012-3-10	0.04	0.07	0.34
2012-3-11	0.03	0.06	0.31
2012-3-12	0.03	0.05	0.3
2012-3-13	0.03	0.05	0.29
2012-3-14	0.03	0.05	0.29
2012-3-15	0.03	0.04	0.28
2012-3-16	0.03	0.04	0.27
2012-3-17	0.02	0.03	0.25
2012-3-18	0.02	0.03	0.24
2012-3-19	0.02	0.02	0.22
2012-3-20	0.02	0.02	0.19
2012-3-21	0.02	0.02	0.17
2012-3-22	0.02	0.01	0.16
2012-3-23	0.03	0.01	0.16
2012-3-24	0.04	0.1	0.23
2012-3-25	0.03	0.08	0.34
2012-3-26	0.02	0.04	0.27
2012-3-27	0.02	0.02	0.2
2012-3-28	0.02	0.01	0.16
2012-3-29	0.01	0.01	0.14
2012-3-30	0.01	0.01	0.13
2012-3-31	0.02	0.01	0.12
2012-4-1	0.02	0.03	0.14
2012-4-2	0.01	0.02	0.14
2012-4-3	0.01	0.01	0.13
2012-4-4	0.02	0.03	0.12
2012-4-5	0.01	0.07	0.16
2012-4-6	0.01	0.07	0.26
2012-4-7	0.01	0.03	0.2
2012-4-8	0.01	0.01	0.15
2012-4-9	0.01	0.01	0.12
2012-4-10	0	0	0.1
2012-4-11	0	0	0.08
2012-4-12	0	0	0.06
2012-4-13	0	0	0.05
2012-4-14	0	0	0.04
2012-4-15	0	0	0.04
2012-4-16	0	0	0.03
2012-4-17	0	0	0.03
2012-4-18	0	0	0.02
2012-4-19	0.02	0	0.02
2012-4-20	0.02	0	0.02
2012-4-21	0	0	0.01
2012-4-22	0	0	0.01
2012-4-23	0	0	0.01
2012-4-24	0	0	0.01
2012-4-25	0	0	0
2012-4-26	0	0	0
2012-4-27	0	0	0
2012-4-28	0	0	0
2012-4-29	0	0	0
2012-4-30	0	0	0
2012-5-1	0	0	0
2012-5-2	0	0	0
2012-5-3	0	0	0
2012-5-4	0.01	0	0
2012-5-5	0	0	0
2012-5-6	0	0	0
2012-5-7	0	0	0
2012-5-8	0	0	0
2012-5-9	0	0	0
2012-5-10	0	0	0
2012-5-11	0	0	0
2012-5-12	0	0	0
2012-5-13	0	0	0
2012-5-14	0	0	0
2012-5-15	0	0	0
2012-5-16	0	0	0
2012-5-17	0	0	0
2012-5-18	0	0	0
2012-5-19	0	0	0
2012-5-20	0	0	0
2012-5-21	0	0	0
2012-5-22	0	0	0
2012-5-23	0	0	0
2012-5-24	0	0	0
2012-5-25	0	0	0
2012-5-26	0	0	0
2012-5-27	0	0	0
2012-5-28	0	0	0
2012-5-29	0	0	0
2012-5-30	0	0	0
2012-5-31	0.02	0	0
2012-6-1	0.03	0	0
2012-6-2	0.01	0	0
2012-6-3	0	0	0
2012-6-4	0	0	0
2012-6-5	0	0	0
2012-6-6	0.01	0	0
2012-6-7	0.01	0	0
2012-6-8	0.01	0	0
2012-6-9	0.01	0	0
2012-6-10	0.09	0	0
2012-6-11	0.06	0	0
2012-6-12	0.03	0	0
2012-6-13	0.02	0	0
2012-6-14	0.02	0	0
2012-6-15	0.02	0	0
2012-6-16	0.02	0	0
2012-6-17	0.01	0	0
2012-6-18	0.01	0	0
2012-6-19	0.01	0	0
2012-6-20	0.01	0	0
2012-6-21	0.01	0	0
2012-6-22	0.01	0	0
2012-6-23	0.01	0	0
2012-6-24	0.02	0	0
2012-6-25	0.02	0	0
2012-6-26	0.02	0	0
2012-6-27	0.01	0	0
2012-6-28	0	0	0
2012-6-29	0	0	0
2012-6-30	0	0	0
2012-7-1	0	0	0
2012-7-2	0	0	0
2012-7-3	0	0	0
2012-7-4	0	0	0
2012-7-5	0.01	0	0
2012-7-6	0.01	0	0
2012-7-7	0.01	0	0
2012-7-8	0	0	0
2012-7-9	0	0	0
2012-7-10	0	0	0
2012-7-11	0	0	0
2012-7-12	0	0	0
2012-7-13	0	0	0
2012-7-14	0	0	0
2012-7-15	0	0	0
2012-7-16	0	0	0
2012-7-17	0.02	0	0
2012-7-18	0.01	0	0
2012-7-19	0.04	0	0
2012-7-20	0.02	0	0
2012-7-21	0.01	0	0
2012-7-22	0.01	0	0
2012-7-23	0.01	0	0
2012-7-24	0	0	0
2012-7-25	0	0	0
2012-7-26	0	0	0
2012-7-27	0.03	0	0
2012-7-28	0.02	0	0
2012-7-29	0.01	0	0
2012-7-30	0.01	0	0
2012-7-31	0	0	0
2012-8-1	0	0	0
2012-8-2	0	0	0
2012-8-3	0.01	0	0
2012-8-4	0.01	0	0
2012-8-5	0.07	0	0
2012-8-6	0.06	0	0
2012-8-7	0.02	0	0
2012-8-8	0.22	0	0.15
2012-8-9	0.05	0	0.19
2012-8-10	0.03	0	0.12
2012-8-11	0.04	0	0.09
2012-8-12	0.04	0	0.09
2012-8-13	0.02	0	0.08
2012-8-14	0.02	0	0.05
2012-8-15	0.02	0	0.02
2012-8-16	0.01	0	0.01
2012-8-17	0.02	0	0.01
2012-8-18	0.03	0	0.03
2012-8-19	0.02	0	0.04
2012-8-20	0.02	0	0.1
2012-8-21	0.02	0	0.09
2012-8-22	0.01	0	0.07
2012-8-23	0.06	0	0.16
2012-8-24	0.04	0.03	0.27
2012-8-25	0.02	0.01	0.14
2012-8-26	0.01	0	0.1
2012-8-27	0.04	0	0.09
2012-8-28	0.03	0.03	0.18
2012-8-29	0.07	0.04	0.23
2012-8-30	0.05	0.09	0.42
2012-8-31	0.03	0.02	0.29
2012-9-1	0.02	0.01	0.2
2012-9-2	0.02	0	0.14
2012-9-3	0.02	0	0.11
2012-9-4	0.06	0.01	0.28
2012-9-5	0.03	0.01	0.26
2012-9-6	0.02	0.01	0.19
2012-9-7	0.02	0	0.15
2012-9-8	0.03	0	0.14
2012-9-9	0.06	0.11	0.54
2012-9-10	0.02	0.02	0.34
2012-9-11	0.02	0.01	0.19
2012-9-12	0.01	0	0.12
2012-9-13	0.01	0	0.09
2012-9-14	0.01	0	0.07
2012-9-15	0	0	0.06
2012-9-16	0	0	0.05
2012-9-17	0	0	0.04
2012-9-18	0.01	0	0.05
2012-9-19	0.01	0	0.06
2012-9-20	0.01	0	0.05
2012-9-21	0.01	0	0.04
2012-9-22	0.01	0	0.04
2012-9-23	0	0	0.03
2012-9-24	0	0	0.01
2012-9-25	0	0	0.01
2012-9-26	0	0	0
2012-9-27	0	0	0
2012-9-28	0	0	0
2012-9-29	0	0	0
2012-9-30	0	0	0
2012-10-1	0	0	0
2012-10-2	0	0	0.01
2012-10-3	0	0	0.01
2012-10-4	0	0	0.05
2012-10-5	0	0	0.06
2012-10-6	0.01	0	0.05
2012-10-7	0	0	0.04
2012-10-8	0	0	0.04
2012-10-9	0	0	0.04
2012-10-10	0	0	0.03
2012-10-11	0	0	0.02
2012-10-12	0	0	0.02
2012-10-13	0	0	0.01
2012-10-14	0	0	0
2012-10-15	0	0	0
2012-10-16	0	0	0
2012-10-17	0	0	0
2012-10-18	0	0	0
2012-10-19	0	0	0
2012-10-20	0	0	0
2012-10-21	0	0	0
2012-10-22	0	0	0
2012-10-23	0	0	0
2012-10-24	0	0	0
2012-10-25	0	0	0
2012-10-26	0	0	0
2012-10-27	0	0	0
2012-10-28	0	0	0
2012-10-29	0	0	0
2012-10-30	0	0	0
2012-10-31	0	0	0
2012-11-1	0	0	0
2012-11-2	0	0	0
2012-11-3	0	0	0
2012-11-4	0	0	0
2012-11-5	0	0	0
2012-11-6	0	0	0
2012-11-7	0	0	0
2012-11-8	0	0	0
2012-11-9	0	0	0
2012-11-10	0	0	0
2012-11-11	0	0	0
2012-11-12	0	0	0
2012-11-13	0	0	0
2012-11-14	0	0	0
2012-11-15	0	0	0
2012-11-16	0	0	0
2012-11-17	0	0	0
2012-11-18	0	0	0
2012-11-19	0	0	0
2012-11-20	0	0	0
2012-11-21	0	0	0
2012-11-22	0	0	0
2012-11-23	0	0	0
2012-11-24	0	0	0
2012-11-25	0	0	0
2012-11-26	0	0	0
2012-11-27	0	0	0
2012-11-28	0	0	0
2012-11-29	0	0	0
2012-11-30	0	0	0
2012-12-1	0	0	0
2012-12-2	0	0	0
2012-12-3	0	0	0
2012-12-4	0	0	0
2012-12-5	0	0	0
2012-12-6	0	0	0
2012-12-7	0	0	0
2012-12-8	0	0	0
2012-12-9	0	0	0
2012-12-10	0	0	0
2012-12-11	0	0	0
2012-12-12	0	0	0
2012-12-13	0	0	0
2012-12-14	0	0	0
2012-12-15	0	0	0
2012-12-16	0	0	0
2012-12-17	0	0	0
2012-12-18	0	0	0
2012-12-19	0	0	0
2012-12-20	0	0	0
2012-12-21	0	0	0
2012-12-22	0	0	0
2012-12-23	0	0	0
2012-12-24	0	0	0
2012-12-25	0.01	0	0
2012-12-26	0.03	0	0.01
2012-12-27	0.01	0.01	0
2012-12-28	0.01	0.01	0
2012-12-29	0.03	0.04	0.07
2012-12-30	0.01	0.03	0.07
2012-12-31	0.01	0.01	0.05
